CopyNumbers	CumulativeDistributionFunction
50 0.014363956
150 0.033688126
250 0.056422445
350 0.073989873
450 0.091453963
550 0.105714581
650 0.119871861
750 0.131135683
850 0.143432882
950 0.15200992
1050 0.159243567
1150 0.166890565
1250 0.17422755
1350 0.181357859
1450 0.187971479
1550 0.193861734
1650 0.200062003
1750 0.206262271
1850 0.211635838
1950 0.218662809
2050 0.222796321
2150 0.22661982
2250 0.231166684
2350 0.235093521
2450 0.240467087
2550 0.245427302
2650 0.248630774
2750 0.252454273
2850 0.25731115
2950 0.261134649
3050 0.264338121
3150 0.267334918
3250 0.270641728
3350 0.274051876
3450 0.278495401
3550 0.281905549
3650 0.28469567
3750 0.28800248
3850 0.291412628
3950 0.294409424
4050 0.296372843
4150 0.298956288
4250 0.301539733
4350 0.305259895
4450 0.307636664
4550 0.310633461
4650 0.312493541
4750 0.315076987
4850 0.317350419
4950 0.319417175
5050 0.321690607
5150 0.324687403
5250 0.326754159
5350 0.329027591
5450 0.331197685
5550 0.333574455
5650 0.335744549
5750 0.338224656
5850 0.33946471
5950 0.341634804
6050 0.342564844
6150 0.344218249
6250 0.345974992
6350 0.347525059
6450 0.349178464
6550 0.351451896
6650 0.352485274
6750 0.354448693
6850 0.356308773
6950 0.357445489
7050 0.358582205
7150 0.359718921
7250 0.361268988
7350 0.362405704
7450 0.363955771
7550 0.365609176
7650 0.367572595
7750 0.370466054
7850 0.371912783
7950 0.374289553
8050 0.375736282
8150 0.377389687
8250 0.379043092
8350 0.380593159
8450 0.381936551
8550 0.383796631
8650 0.385243361
8750 0.386380076
8850 0.388653508
8950 0.3899969
9050 0.391340291
9150 0.392063656
9250 0.393923737
9350 0.395267128
9450 0.396507182
9550 0.397850574
9650 0.399193965
9750 0.400227343
9850 0.401054046
9950 0.402087424
10050 0.40322414
10150 0.404774207
10250 0.406220936
10350 0.407357652
10450 0.407977679
10550 0.409011057
10650 0.410251111
10750 0.411491165
10850 0.412214529
10950 0.41314457
11050 0.414901312
11150 0.416141366
11250 0.41738142
11350 0.4192415
11450 0.420894905
11550 0.421928284
11750 0.423375013
11850 0.425028418
11950 0.426991836
12050 0.427818539
12150 0.429575282
12250 0.43060866
12350 0.4315387
12450 0.432365403
12550 0.433192105
12650 0.434225483
12750 0.435258861
12850 0.435982226
12950 0.43722228
13050 0.437945644
13150 0.438979022
13250 0.439909063
13350 0.44052909
13450 0.44145913
13550 0.442079157
13650 0.44331921
13750 0.444352589
13850 0.444662602
13950 0.445282629
14050 0.445902656
14150 0.447039372
14250 0.447969412
14350 0.449416141
14450 0.450346182
14550 0.450862871
14650 0.451689573
14750 0.452516276
14850 0.45323964
14950 0.453963005
15050 0.454789708
15150 0.45561641
15250 0.456339775
15350 0.457166477
15450 0.457476491
15550 0.458509869
15650 0.459646585
15750 0.460576625
15850 0.461610003
15950 0.462023354
16050 0.463573422
16150 0.464503462
16250 0.464916813
16350 0.465950191
16450 0.466570218
16550 0.467500258
16650 0.468533636
16750 0.469463677
16850 0.470083704
16950 0.471323757
17050 0.471530433
17150 0.472253798
17250 0.472770487
17350 0.473390514
17450 0.474217216
17550 0.475147256
17650 0.476180634
17750 0.476903999
17850 0.477524026
17950 0.478350729
18050 0.479384107
18150 0.480107471
18250 0.48062416
18350 0.481760876
18450 0.482897592
18550 0.48393097
18650 0.484344322
18750 0.485274362
18850 0.485997727
18950 0.486617753
19050 0.487031105
19150 0.488167821
19250 0.488787847
19350 0.489201199
19450 0.48961455
19550 0.489717888
19650 0.490337915
19750 0.491267955
19850 0.491784644
19950 0.493024698
20050 0.493334711
20150 0.494471427
20250 0.494884778
20350 0.495918156
20450 0.496848197
20550 0.497364886
20650 0.497778237
20750 0.498398264
20850 0.498811615
20950 0.499431642
21050 0.50046502
21150 0.501085047
21250 0.502325101
21350 0.503151803
21450 0.504081844
21550 0.504908546
21650 0.505631911
21750 0.506045262
21850 0.506768627
21950 0.507491991
22050 0.508112018
22150 0.508938721
22250 0.50945541
22350 0.509972099
22450 0.510695463
22550 0.511108815
22650 0.511522166
22750 0.512348868
22850 0.51276222
22950 0.513898936
23050 0.514312287
23150 0.514725638
23250 0.515242327
23350 0.516172367
23450 0.516792394
23550 0.517515759
23650 0.517722435
23750 0.518445799
23850 0.518755813
23950 0.519272502
24050 0.519582515
24150 0.519892529
24250 0.521029245
24350 0.521442596
24450 0.522062623
24550 0.522372636
24650 0.523406014
24750 0.523922703
24850 0.524439392
24950 0.524852744
25050 0.525059419
25150 0.525369433
25250 0.526092797
25350 0.526299473
25450 0.5269195
25550 0.527332851
25650 0.527642865
25750 0.528056216
25850 0.528366229
25950 0.52877958
26050 0.529192932
26150 0.529916296
26250 0.530846337
26350 0.531673039
26450 0.531879715
26550 0.532396404
26650 0.532706417
26750 0.533119769
26850 0.533739795
26950 0.534153147
27050 0.534669836
27150 0.534979849
27250 0.535496538
27350 0.536219903
27450 0.537046605
27550 0.537459957
27650 0.538183321
27750 0.538803348
27850 0.539010024
27950 0.539836726
28050 0.540250078
28150 0.540973442
28250 0.541490131
28350 0.541593469
28450 0.541903482
28550 0.542110158
28650 0.542730185
28750 0.542936861
28850 0.54345355
28950 0.544073577
29050 0.54438359
29150 0.544590266
29250 0.54531363
29350 0.545623644
29450 0.546553684
29550 0.546967035
29650 0.547277049
29850 0.547587062
29950 0.548000413
30050 0.548723778
30150 0.549447143
30250 0.549653818
30350 0.550377183
30450 0.550893872
30550 0.551513899
30650 0.552133926
30750 0.552443939
30850 0.552753953
30950 0.55337398
31050 0.553994006
31150 0.554407358
31250 0.554717371
31350 0.555027385
31450 0.555337398
31550 0.5561641
31650 0.556370776
31750 0.556990803
31850 0.557300816
31950 0.557920843
32050 0.558230857
32150 0.55854087
32250 0.559057559
32350 0.559574248
32450 0.559780924
32550 0.560297613
32650 0.560607626
32750 0.560814302
32850 0.561434329
32950 0.561641004
33050 0.562054356
33150 0.562571045
33250 0.562984396
33350 0.563191072
33450 0.563501085
33550 0.563811098
33650 0.56422445
33750 0.564431125
33850 0.564844477
33950 0.56515449
34050 0.565361166
34150 0.565981193
34250 0.566187868
34350 0.566394544
34450 0.566807895
34550 0.567427922
34650 0.567737935
34750 0.568151287
34850 0.568874651
35050 0.56939134
35150 0.569701354
35250 0.570321381
35350 0.57083807
35450 0.571044745
35550 0.571354759
35650 0.571561434
35750 0.572078123
35850 0.572491475
35950 0.573008164
36050 0.573318177
36150 0.573524853
36250 0.573628191
36350 0.573938204
36450 0.574558231
36550 0.574868244
36650 0.575488271
36750 0.575591609
36850 0.575694947
36950 0.576521649
37050 0.577038338
37150 0.577245014
37250 0.57745169
37350 0.577555027
37450 0.577761703
37550 0.57838173
37650 0.578795081
37750 0.579001757
37950 0.579518446
38050 0.58024181
38150 0.5807585
38250 0.581171851
38350 0.581378526
38450 0.581481864
38550 0.581791878
38650 0.581998553
38750 0.582205229
38850 0.582515242
38950 0.582721918
39050 0.582825256
39150 0.583445283
39250 0.583755296
39350 0.584168647
39450 0.584581999
39550 0.584788674
39650 0.58499535
39750 0.585408701
39850 0.586028728
39950 0.586235404
40050 0.586442079
40150 0.58685543
40250 0.587165444
40350 0.587578795
40450 0.587785471
40550 0.588198822
40650 0.588612173
40750 0.588818849
40850 0.589025524
40950 0.5892322
41050 0.589542213
41150 0.589748889
41250 0.59016224
41350 0.590472254
41450 0.590678929
41550 0.590885605
41650 0.591195618
41750 0.591402294
41850 0.591712308
42150 0.592125659
42250 0.592745686
42350 0.593159037
42450 0.593262375
42550 0.593675726
42650 0.593985739
42750 0.594399091
42850 0.595019117
42950 0.595535807
43050 0.596155833
43250 0.596362509
43350 0.596569185
43450 0.596879198
43550 0.597085874
43650 0.597292549
43750 0.597705901
43850 0.59822259
43950 0.598325927
44050 0.598635941
44150 0.599049292
44250 0.599255968
44450 0.599772657
44550 0.599979332
44650 0.600289346
44750 0.600702697
44850 0.600909373
44950 0.6015294
45050 0.601839413
45150 0.601942751
45250 0.602149426
45350 0.60245944
45550 0.602666116
45650 0.602872791
45750 0.603079467
45850 0.603286142
45950 0.60338948
46050 0.603492818
46150 0.603596156
46250 0.603906169
46350 0.604422858
46450 0.604629534
46550 0.605352899
46650 0.60576625
46850 0.606179601
46950 0.606592952
47050 0.607006304
47150 0.607316317
47250 0.607936344
47450 0.60814302
47550 0.608453033
47650 0.608866384
47750 0.609383073
47850 0.609899762
47950 0.610416451
48050 0.610726465
48150 0.611139816
48250 0.611243154
48350 0.611759843
48450 0.612276532
48550 0.612483208
48650 0.612689883
48750 0.612896559
48850 0.613103234
48950 0.61330991
49050 0.613826599
49150 0.614446626
49250 0.614963315
49350 0.615066653
49450 0.615273329
49750 0.615480004
49850 0.615583342
49950 0.615996693
50050 0.616100031
50150 0.616513382
50250 0.617030071
50350 0.617443423
50450 0.617753436
50550 0.617856774
50650 0.618270125
50750 0.618476801
50850 0.618786814
50950 0.619303503
51050 0.619406841
51150 0.619613517
51250 0.619820192
51350 0.620336881
51450 0.620646895
51550 0.620750233
51650 0.620956908
51850 0.621266922
51950 0.621680273
52050 0.621886948
52150 0.622093624
52250 0.6223003
52550 0.622403637
52650 0.622610313
52750 0.622816989
52850 0.623127002
52950 0.623333678
53050 0.623643691
53150 0.623747029
53250 0.62416038
53350 0.624367056
53450 0.624883745
53550 0.624987083
53650 0.62560711
53750 0.625813785
53850 0.626123799
53950 0.62653715
54050 0.626743826
54150 0.626950501
54250 0.627157177
54350 0.627260515
54450 0.62746719
54550 0.627570528
54650 0.627777204
54750 0.628087217
54850 0.628293893
54950 0.629017257
55050 0.629120595
55250 0.629533946
55350 0.629740622
55450 0.630153973
55550 0.630567325
55650 0.630774
55750 0.630877338
55850 0.631187351
56050 0.631290689
56150 0.631497365
56250 0.631704041
56350 0.632014054
56550 0.632737419
56650 0.633254108
56750 0.633460783
56850 0.633770797
56950 0.634287486
57050 0.634390824
57150 0.634597499
57250 0.634804175
57350 0.635114188
57450 0.635424202
57550 0.635734215
57650 0.635837553
57750 0.635940891
57850 0.636147566
57950 0.636354242
58050 0.636664255
58150 0.636767593
58250 0.636870931
58350 0.637077607
58450 0.637284282
58550 0.637490958
58650 0.637697634
58750 0.637904309
58850 0.63831766
58950 0.638420998
59050 0.638627674
59150 0.638937687
59350 0.639144363
59450 0.639351039
59550 0.639661052
59650 0.639867728
59750 0.640177741
59850 0.640281079
59950 0.640384417
60050 0.64069443
60150 0.641107781
60350 0.641521133
60450 0.642037822
60550 0.642347835
60650 0.642761186
60750 0.642864524
60850 0.6430712
60950 0.643277875
61050 0.643484551
61150 0.643587889
61250 0.643794564
61350 0.644104578
61450 0.644621267
61550 0.644827943
61650 0.64493128
61750 0.645034618
61850 0.645241294
62050 0.645447969
62350 0.645757983
62450 0.646067996
62550 0.646481348
62650 0.646998037
62750 0.647204712
62850 0.647411388
62950 0.647618063
63050 0.647824739
63150 0.647928077
63250 0.648031415
63350 0.648134753
63550 0.648548104
63650 0.648754779
63750 0.648961455
63950 0.649271468
64150 0.649581482
64250 0.649994833
64350 0.650408184
64450 0.65061486
64550 0.650821536
64650 0.651028211
64750 0.6515449
64850 0.651854914
65050 0.652061589
65150 0.652371603
65250 0.652681616
65350 0.652888292
65450 0.653094967
65550 0.653404981
65750 0.653611657
65850 0.654025008
65950 0.654335021
66050 0.65485171
66150 0.655058386
66250 0.655265061
66350 0.655471737
66450 0.655575075
66650 0.655885088
66750 0.656091764
66850 0.656401777
67050 0.656505115
67150 0.656711791
67250 0.656918466
67350 0.657021804
67550 0.65722848
67650 0.657641831
67750 0.657848507
67850 0.658468534
67950 0.658675209
68050 0.658778547
68150 0.659295236
68250 0.659398574
68350 0.659501912
68450 0.659708587
68550 0.659811925
68650 0.660018601
68750 0.660121939
68950 0.660225276
69050 0.660431952
69150 0.660741965
69250 0.661155317
69350 0.661361992
69450 0.661672006
69550 0.662085357
69650 0.66239537
69750 0.663222073
69850 0.663532086
69950 0.663635424
70050 0.663945438
70150 0.664152113
70250 0.664462127
70350 0.66477214
70450 0.665082154
70650 0.665185491
70850 0.665392167
70950 0.66570218
71050 0.666012194
71150 0.666322207
71250 0.666735559
71450 0.667045572
71550 0.667252248
71650 0.667458923
71750 0.667768937
71850 0.667872274
71950 0.668182288
72050 0.668285626
72150 0.668388964
72350 0.668595639
72450 0.668802315
72550 0.669525679
72650 0.669732355
72750 0.670145706
72850 0.670249044
72950 0.670352382
73050 0.67045572
73150 0.670869071
73250 0.670972409
73350 0.671179084
73450 0.671282422
73550 0.671489098
73650 0.671799111
73850 0.672109125
73950 0.6723158
74050 0.672729152
74250 0.673039165
74350 0.673245841
74550 0.673555854
74650 0.674072543
74750 0.674279219
74850 0.674485894
74950 0.674589232
75050 0.67469257
75250 0.674795908
75350 0.675002583
75450 0.675105921
75550 0.675415935
75750 0.67562261
75850 0.675725948
76050 0.675829286
76250 0.675932624
76350 0.676035962
76450 0.676139299
76550 0.676242637
76650 0.676449313
77050 0.676655988
77150 0.676759326
77250 0.677172677
77350 0.677276015
77450 0.677482691
77550 0.677586029
77650 0.677689367
77750 0.677792704
77850 0.67799938
78050 0.678102718
78150 0.678206056
78250 0.678309393
78350 0.678619407
78450 0.678722745
78550 0.67892942
78650 0.679446109
78750 0.679652785
78850 0.679962798
78950 0.680272812
79150 0.68037615
79250 0.680789501
79350 0.680996177
79450 0.681512866
79550 0.681719541
80050 0.681822879
80150 0.682132892
80350 0.68223623
80450 0.682339568
80550 0.682442906
80650 0.682649581
80750 0.682959595
80850 0.683062933
80950 0.683166271
81150 0.683269608
81450 0.683476284
81650 0.683786297
81850 0.684199649
81950 0.684406324
82050 0.684509662
82150 0.684613
82250 0.684819676
82350 0.685233027
82550 0.685336365
82750 0.68554304
82850 0.685853054
83050 0.685956391
83150 0.686163067
83250 0.686266405
83350 0.686473081
83450 0.686576418
83550 0.686679756
83650 0.686886432
83750 0.687093107
83950 0.687299783
84050 0.687506459
84150 0.687713134
84250 0.687816472
84350 0.688023148
84450 0.688229823
84550 0.688539837
84650 0.688953188
84750 0.689263201
84850 0.689469877
85050 0.689676553
85150 0.689883228
85250 0.690399917
85350 0.690709931
85450 0.690813269
85550 0.691123282
85750 0.691329958
85850 0.691433295
85950 0.691743309
86050 0.692363336
86150 0.692466674
86250 0.692570011
86350 0.692880025
86450 0.693293376
86550 0.693396714
86650 0.693603389
86850 0.693706727
86950 0.693810065
87050 0.693913403
87150 0.694016741
87250 0.694120079
87350 0.694223416
87650 0.694326754
87750 0.694636768
87850 0.694843443
87950 0.694946781
88050 0.695050119
88150 0.695360132
88250 0.69546347
88350 0.695566808
88450 0.695773484
88550 0.695980159
88650 0.696083497
88750 0.696496848
88850 0.696600186
88950 0.697013537
89050 0.697116875
89150 0.697426888
89250 0.697530226
89350 0.697633564
89450 0.697736902
89650 0.698046915
89950 0.698150253
90050 0.698356929
90250 0.698460267
90450 0.698666942
90650 0.69877028
90750 0.698873618
90950 0.699286969
91050 0.699493645
91150 0.699803658
91250 0.700217009
91350 0.700423685
91450 0.700527023
91550 0.700940374
91750 0.70114705
91850 0.701353725
91950 0.701457063
92250 0.701767077
92350 0.701870414
92450 0.701973752
92650 0.70207709
92750 0.702180428
92850 0.702387103
92950 0.702490441
93150 0.702800455
93250 0.703213806
93650 0.703523819
93750 0.703627157
93850 0.703730495
93950 0.703937171
94050 0.70445386
94150 0.704557197
94250 0.704660535
94350 0.705280562
94450 0.7053839
94550 0.705487238
94650 0.705590576
94750 0.705693913
94850 0.706003927
95050 0.706210602
95250 0.70631394
95550 0.706623954
95850 0.706727292
96050 0.707037305
96250 0.707140643
96450 0.707243981
96550 0.707347318
96750 0.707450656
96850 0.707553994
97050 0.707657332
97250 0.707967345
97350 0.708380696
97450 0.708484034
97650 0.708794048
97750 0.708897386
97850 0.709104061
98050 0.709414075
98150 0.709517412
98250 0.709930764
98450 0.710034101
98550 0.710137439
98650 0.710344115
98750 0.710757466
98850 0.710964142
98950 0.71106748
99050 0.711480831
99250 0.711687506
99350 0.711894182
99450 0.712100858
99550 0.712204196
99650 0.712720885
99750 0.712824222
99850 0.71292756
99950 0.713030898
100050 0.713237574
100150 0.713340911
100250 0.713444249
100450 0.713547587
100550 0.713650925
100650 0.713754263
100750 0.713960938
100850 0.714167614
100950 0.714270952
101050 0.71437429
101150 0.714477627
101250 0.714580965
101350 0.714890979
101450 0.715097654
101550 0.715407668
101650 0.715717681
101850 0.716027695
101950 0.716441046
102050 0.716544384
102250 0.716854397
102450 0.716957735
102550 0.71716441
102650 0.717267748
102750 0.717474424
102850 0.717577762
102950 0.7176811
103050 0.717784437
103150 0.717991113
103250 0.718301126
103450 0.718507802
103550 0.71861114
103650 0.718817815
103750 0.719127829
103950 0.719334504
104050 0.719644518
104150 0.719954531
104450 0.720057869
104550 0.720264545
104750 0.720574558
104850 0.720884572
104950 0.721091247
105250 0.721297923
105550 0.721504599
105850 0.721814612
106050 0.722021288
106150 0.722124625
106250 0.722331301
106350 0.722641314
106450 0.723054666
106550 0.723158004
106750 0.723364679
106850 0.723468017
106950 0.72377803
107050 0.723881368
107150 0.723984706
107250 0.724191382
107350 0.724294719
107450 0.724708071
107550 0.724811408
107750 0.724914746
107850 0.725121422
108050 0.725328098
108250 0.725741449
108350 0.725948124
108650 0.726051462
108750 0.7261548
108850 0.726361476
109150 0.726671489
109350 0.726774827
109450 0.726878165
109650 0.726981503
109750 0.72708484
109850 0.727291516
109950 0.727498192
110050 0.727601529
110250 0.727704867
110450 0.727808205
110650 0.727911543
110850 0.728221556
110950 0.728324894
111150 0.72853157
111250 0.728738245
111450 0.728944921
111550 0.729254934
111650 0.729358272
111750 0.72946161
111850 0.729564948
111950 0.729668286
112050 0.729771623
112150 0.729978299
112350 0.730081637
112450 0.730184975
112550 0.730288312
112650 0.730494988
112750 0.730701664
112850 0.730908339
112950 0.731115015
113050 0.731218353
113150 0.731321691
113450 0.731425028
113550 0.731631704
113650 0.731735042
113950 0.73183838
114150 0.732148393
114250 0.732251731
114650 0.732355069
114750 0.732458407
114850 0.732561744
114950 0.732871758
115050 0.733078433
115150 0.733181771
115250 0.733285109
115350 0.733388447
115450 0.733491785
115550 0.73369846
115650 0.733905136
115950 0.734111812
116050 0.734318487
116150 0.734525163
116250 0.734628501
116350 0.734731838
116550 0.734938514
116650 0.735041852
116750 0.73514519
116850 0.735351865
116950 0.735455203
117050 0.735558541
117150 0.735661879
117250 0.735868554
117350 0.735971892
117450 0.73607523
117750 0.736178568
117850 0.736281906
117950 0.736591919
118050 0.736798595
118250 0.736901932
118350 0.73700527
118450 0.737108608
118550 0.737211946
118650 0.737315284
118750 0.737625297
118950 0.737831973
119050 0.737935311
119250 0.738038648
119350 0.738141986
119550 0.738245324
119750 0.738452
119850 0.738555337
119950 0.738865351
120350 0.738968689
120550 0.739072026
120650 0.739278702
120850 0.739485378
121150 0.739588716
121250 0.739692053
121450 0.740002067
121550 0.740208742
121650 0.74031208
121750 0.740415418
121850 0.740518756
122050 0.740622094
122150 0.740725431
122250 0.740932107
122550 0.741035445
122650 0.741138783
122850 0.741345458
122950 0.741448796
123050 0.741552134
123150 0.741655472
123350 0.74175881
123450 0.741965485
123550 0.742068823
123650 0.742275499
123850 0.742378836
123950 0.742482174
124050 0.74268885
124150 0.742998863
124250 0.743102201
124350 0.743308877
124450 0.743412215
124750 0.743515552
124850 0.743722228
125050 0.743928904
125150 0.744238917
125250 0.744445593
125450 0.744755606
125550 0.744962282
125650 0.74506562
125750 0.745272295
125850 0.745375633
125950 0.745478971
126050 0.745582309
126150 0.745685646
126350 0.745788984
126450 0.745892322
126650 0.74599566
127050 0.746098998
127450 0.746202335
127650 0.746305673
127950 0.746512349
128150 0.746615687
128450 0.7469257
128550 0.747029038
128650 0.747132376
128750 0.747339051
128850 0.747442389
128950 0.747545727
129150 0.747649065
129450 0.747959078
129650 0.748062416
129850 0.748165754
130250 0.748372429
130550 0.748682443
130650 0.748889119
130850 0.748992456
130950 0.749095794
131050 0.749199132
131150 0.749405808
131250 0.749612483
131350 0.749715821
131550 0.749819159
131950 0.749922497
132050 0.750025834
132450 0.750129172
132550 0.75023251
132750 0.750335848
133050 0.750439186
133250 0.750645861
133550 0.750749199
133650 0.750955875
133750 0.751059213
133850 0.751265888
134050 0.751369226
134550 0.751575902
134650 0.751679239
134750 0.751782577
134850 0.751989253
134950 0.752195928
135150 0.752299266
135250 0.752505942
135350 0.752712618
135850 0.752815955
136050 0.752919293
136250 0.753022631
136450 0.753332644
136750 0.753435982
136950 0.75353932
137050 0.753642658
137150 0.753745996
137250 0.753952671
137450 0.754262685
137650 0.75446936
137950 0.754572698
138050 0.754676036
138150 0.754779374
138250 0.754882712
138350 0.754986049
138650 0.755089387
138750 0.755192725
138850 0.755502738
138950 0.755709414
139050 0.75591609
139350 0.756122765
139450 0.756329441
139550 0.756432779
139650 0.756536117
139950 0.756639454
140150 0.75684613
140250 0.757052806
140350 0.757259481
140450 0.757362819
140650 0.757569495
140850 0.75777617
140950 0.757879508
141150 0.758189522
141250 0.758396197
141550 0.758602873
141750 0.758706211
141850 0.758809548
142150 0.758912886
142250 0.759016224
142350 0.7592229
142550 0.759326237
142650 0.759429575
142750 0.759636251
142950 0.759842927
143250 0.759946264
143350 0.76015294
143750 0.760256278
143850 0.760462953
144250 0.760566291
144450 0.760669629
144550 0.760772967
144650 0.760876305
144750 0.76108298
144850 0.761186318
144950 0.761392994
145050 0.761496332
145150 0.761909683
145550 0.762013021
145750 0.762116358
145850 0.762219696
145950 0.762426372
146150 0.762633047
146650 0.762736385
146750 0.762839723
146950 0.762943061
147150 0.763046399
147350 0.763149736
147550 0.763253074
147750 0.763356412
147850 0.76345975
148150 0.763563088
148450 0.763666426
148850 0.763873101
148950 0.763976439
149250 0.764079777
149650 0.764183115
149750 0.764286452
150150 0.76438979
150350 0.764493128
150450 0.764596466
150950 0.764803141
151050 0.764906479
151550 0.765009817
151650 0.765113155
151750 0.765216493
151850 0.765319831
151950 0.765423168
152150 0.765629844
152250 0.76583652
152450 0.766043195
152550 0.766146533
152650 0.766353209
152750 0.766559884
153150 0.76676656
153250 0.767179911
153450 0.767283249
153750 0.767593262
153950 0.7676966
154350 0.767903276
154550 0.768006614
154650 0.768109951
154950 0.768213289
155150 0.768419965
155250 0.768523303
155550 0.76862664
155650 0.768833316
156050 0.768936654
156350 0.769350005
156450 0.769453343
156550 0.769556681
156850 0.769660019
157150 0.769763356
157650 0.769866694
157750 0.769970032
157850 0.770280045
158250 0.770486721
158450 0.770590059
158650 0.770693397
158850 0.770900072
159050 0.77100341
159150 0.771106748
159250 0.771210086
159350 0.771313424
159450 0.771520099
159550 0.771623437
159650 0.771726775
160250 0.772036788
160350 0.772140126
160550 0.772346802
160650 0.77245014
160950 0.772656815
161050 0.772760153
161150 0.772863491
161250 0.773070166
161350 0.773276842
161550 0.77338018
161650 0.773483518
161850 0.773586855
161950 0.773690193
162050 0.774000207
162350 0.774103544
162550 0.774206882
162650 0.774413558
162750 0.774516896
162850 0.774620234
163050 0.774723571
163250 0.774826909
163550 0.774930247
163750 0.775033585
163850 0.775136923
163950 0.775343598
164050 0.775446936
164350 0.775550274
164650 0.775653612
164750 0.775860287
164950 0.775963625
165150 0.776066963
165250 0.776273639
166150 0.776480314
166650 0.77668699
166850 0.776790328
167350 0.776893665
167650 0.776997003
167850 0.777100341
168050 0.777307017
168250 0.777513692
168350 0.77761703
168550 0.777720368
168850 0.777823706
168950 0.777927044
169050 0.778030381
169350 0.778237057
169650 0.778340395
169750 0.778443733
169850 0.77854707
169950 0.778650408
170250 0.778960422
170350 0.779167097
170550 0.779373773
170750 0.779477111
171250 0.779580448
171450 0.779787124
171650 0.779890462
171950 0.7799938
172150 0.780097138
172250 0.780407151
172650 0.780510489
172850 0.780613827
173150 0.780717164
173350 0.780820502
173550 0.781027178
173850 0.781130516
174150 0.781337191
174250 0.781647205
174550 0.78185388
174650 0.781957218
174750 0.782060556
175050 0.782163894
175250 0.782267232
175350 0.782370569
175750 0.782577245
175850 0.782680583
175950 0.782783921
176250 0.782887258
176350 0.783093934
176550 0.78330061
176750 0.783403948
177450 0.783507285
177550 0.783610623
177650 0.783713961
177850 0.783817299
178250 0.783920637
178350 0.784023974
178450 0.784127312
178750 0.78423065
179350 0.784333988
179550 0.784437326
179650 0.784540663
179950 0.784644001
180050 0.784747339
180450 0.784850677
180650 0.785057352
180750 0.78516069
180850 0.785264028
181150 0.785367366
181450 0.785470704
181750 0.785574042
182350 0.785884055
182550 0.786090731
182650 0.786194068
182850 0.786297406
183050 0.786400744
183150 0.786710757
183250 0.786814095
183350 0.787020771
183650 0.787124109
184050 0.787227447
184350 0.787434122
184750 0.78753746
184850 0.787640798
184950 0.787744136
185150 0.787847473
185350 0.787950811
185650 0.788054149
185850 0.788157487
186050 0.788260825
186150 0.788364162
186450 0.788570838
186950 0.788674176
187050 0.788777514
187250 0.788880852
187550 0.789087527
187750 0.789190865
188050 0.789294203
188450 0.789397541
188550 0.789604216
188850 0.789707554
189150 0.789810892
189450 0.78991423
189550 0.790017567
189750 0.790224243
189850 0.790430919
190150 0.790534256
190250 0.790637594
190350 0.790740932
190450 0.79084427
191050 0.790947608
191150 0.791050946
191350 0.791154283
191450 0.791360959
191550 0.791464297
191750 0.791567635
191950 0.791670972
192050 0.79177431
192250 0.791877648
192350 0.791980986
192650 0.792290999
192850 0.792394337
193950 0.792497675
194250 0.792601013
194350 0.792807688
194550 0.792911026
194750 0.793014364
194850 0.793117702
194950 0.793324377
195050 0.793531053
195450 0.793634391
195650 0.793737729
195750 0.793841066
196050 0.794047742
196150 0.79415108
196350 0.794254418
196950 0.794357756
197350 0.794461093
197450 0.794564431
197950 0.794667769
198050 0.794771107
198150 0.794977782
198250 0.79508112
198850 0.795287796
199150 0.795391134
199250 0.795597809
199350 0.795701147
199750 0.795804485
199850 0.79601116
200250 0.796114498
200350 0.796217836
200650 0.796321174
200750 0.796424512
200950 0.79652785
201050 0.796631187
201250 0.796734525
201350 0.796941201
201450 0.797044539
201650 0.797147876
201750 0.79745789
202150 0.797561228
202250 0.797664565
202750 0.797767903
202850 0.797871241
202950 0.798077917
203050 0.798181255
203150 0.798284592
203250 0.79838793
203350 0.798491268
203450 0.798697944
203850 0.798801281
204350 0.798904619
204750 0.799007957
204850 0.799111295
205750 0.799214633
206050 0.799421308
206750 0.799524646
207150 0.799627984
207450 0.799731322
207550 0.79983466
207650 0.799937997
208350 0.800041335
208550 0.800248011
208650 0.800351349
208850 0.800454686
209150 0.800661362
209250 0.800868038
209550 0.800971375
209750 0.801074713
209850 0.801178051
210150 0.801281389
210250 0.801384727
210450 0.801591402
210650 0.801798078
210750 0.801901416
210850 0.802004754
211150 0.802108091
211250 0.802211429
211850 0.802314767
212050 0.802418105
212350 0.802521443
212450 0.80262478
212650 0.802728118
212850 0.802831456
213250 0.802934794
213550 0.803244807
213850 0.803348145
214050 0.803451483
214250 0.803554821
214350 0.803658159
214450 0.803761496
214550 0.803864834
214750 0.803968172
215450 0.80407151
215650 0.804174848
215850 0.804381523
215950 0.804484861
216050 0.804691537
216450 0.804898212
216550 0.80500155
216650 0.805104888
217050 0.805208226
217450 0.805311564
217650 0.805414901
217750 0.805518239
217850 0.805621577
218150 0.805724915
218650 0.805828253
218850 0.80593159
218950 0.806034928
219550 0.806138266
219950 0.806241604
220050 0.806344942
220550 0.806448279
220750 0.806654955
220850 0.806758293
220950 0.806861631
221050 0.806964968
221150 0.807068306
221550 0.807171644
222550 0.807481658
222750 0.807688333
223250 0.807791671
223350 0.808101684
223550 0.80830836
223950 0.808411698
224050 0.808618373
224150 0.808825049
224250 0.808928387
224350 0.809135063
224550 0.8092384
224750 0.809445076
225350 0.809651752
225750 0.809755089
225850 0.809858427
225950 0.809961765
226350 0.810065103
226550 0.810168441
227050 0.810271778
227450 0.810375116
227650 0.810581792
228050 0.81068513
228350 0.810788468
228450 0.810891805
228550 0.810995143
228650 0.811098481
228850 0.811201819
228950 0.811305157
229250 0.811511832
229550 0.81161517
229850 0.811718508
229950 0.811821846
230150 0.811925183
230350 0.812028521
230450 0.812131859
230750 0.812235197
231050 0.812338535
231650 0.812441872
231850 0.81254521
231950 0.812648548
232150 0.812751886
232450 0.812958562
232950 0.813165237
233050 0.813371913
233350 0.813475251
233550 0.813578588
233650 0.813681926
234250 0.813888602
234350 0.814095277
235450 0.814198615
235550 0.814301953
235650 0.814405291
235750 0.814508629
236350 0.814818642
236950 0.81492198
237050 0.815025318
237250 0.815335331
237650 0.815438669
238150 0.815542007
238350 0.815645345
238450 0.815748682
239350 0.815955358
239450 0.816058696
239650 0.816162034
240450 0.816265371
240550 0.816472047
240650 0.816575385
240850 0.816678723
241150 0.816782061
241350 0.816885398
241450 0.816988736
241750 0.817092074
241850 0.81729875
242050 0.817402087
242150 0.817505425
242550 0.817712101
242650 0.817815439
242950 0.817918776
243050 0.818022114
243250 0.81822879
243350 0.818332128
243650 0.818538803
243850 0.818642141
243950 0.818848817
244050 0.818952155
244150 0.819055492
244450 0.819262168
245150 0.819468844
245250 0.819572181
245450 0.819675519
245850 0.819778857
245950 0.819985533
246150 0.820088871
246850 0.820192208
248350 0.820295546
248450 0.820398884
249150 0.82060556
249350 0.820708897
249750 0.820812235
250750 0.820915573
250850 0.821018911
250950 0.821122249
251350 0.821225586
251550 0.821328924
251750 0.821432262
251950 0.821638938
252050 0.821742275
252150 0.821845613
252550 0.821948951
252950 0.822052289
253050 0.822155627
253250 0.822258965
253550 0.822362302
253850 0.82246564
254050 0.822568978
254450 0.822672316
254750 0.822775654
255250 0.822878991
255450 0.823085667
255550 0.823189005
255850 0.823292343
256350 0.823499018
256450 0.823705694
256550 0.823809032
256750 0.82391237
256850 0.824015707
256950 0.824222383
257650 0.824325721
257750 0.824429059
258050 0.824532396
258150 0.824635734
258550 0.824739072
259150 0.82484241
259350 0.824945748
259450 0.825049085
259550 0.825255761
259650 0.825359099
259850 0.825462437
260050 0.825565775
260150 0.825669112
260550 0.82577245
260650 0.825875788
260850 0.825979126
261050 0.826185801
261150 0.826289139
261350 0.826392477
261850 0.826495815
262150 0.826599153
262350 0.82670249
262750 0.826805828
262950 0.826909166
263850 0.827115842
264150 0.827322517
264350 0.827425855
265350 0.827529193
265450 0.827632531
265850 0.827839206
266050 0.827942544
266450 0.828045882
266550 0.82814922
266750 0.828252558
266850 0.828355895
266950 0.828562571
267150 0.828665909
267550 0.828769247
267950 0.828975922
268050 0.82907926
269250 0.829182598
269350 0.829285936
269850 0.829492611
270050 0.829595949
270150 0.829905963
270250 0.8300093
270350 0.830112638
270450 0.830215976
270550 0.830319314
270650 0.830422652
270850 0.830525989
271150 0.830629327
271350 0.830732665
271850 0.830836003
272550 0.830939341
272750 0.831042679
272950 0.831146016
273350 0.831249354
273450 0.831352692
273550 0.83145603
274350 0.831662705
274550 0.831766043
275450 0.831869381
275850 0.831972719
275950 0.832076057
276250 0.832179394
276450 0.832282732
276550 0.83238607
277550 0.832489408
277950 0.832592746
278050 0.832696083
278150 0.832799421
278550 0.832902759
278650 0.833006097
278950 0.833109435
279250 0.83331611
280050 0.833419448
280550 0.833522786
280950 0.833626124
281050 0.833729462
281250 0.833832799
281550 0.833936137
281650 0.834039475
281750 0.834142813
282250 0.834349488
282450 0.834452826
282650 0.834556164
282950 0.83476284
283350 0.834866178
283450 0.834969515
283550 0.835072853
283850 0.835176191
283950 0.835279529
284150 0.835382867
284650 0.835486204
284750 0.835589542
284950 0.83569288
285150 0.835796218
285350 0.835899556
285750 0.836002893
285950 0.836106231
286050 0.836209569
286650 0.836312907
286850 0.836416245
287050 0.836519583
287550 0.83662292
287950 0.836726258
288250 0.836829596
288550 0.836932934
288650 0.837036272
288750 0.837242947
289250 0.837346285
289550 0.837656298
289750 0.837759636
289850 0.837862974
290050 0.83806965
290350 0.838172987
290750 0.838276325
291150 0.838379663
291450 0.838586339
291750 0.838689677
292550 0.838793014
292750 0.838896352
293050 0.83899969
293250 0.839103028
293450 0.839206366
293550 0.839309703
294050 0.839413041
294150 0.839516379
294250 0.839723055
295050 0.839826392
295750 0.83992973
295850 0.840033068
295950 0.840136406
296050 0.840343082
296150 0.840446419
296250 0.840549757
296850 0.840653095
297550 0.840756433
297650 0.840859771
297750 0.840963108
297850 0.841066446
298150 0.841169784
298250 0.841273122
298850 0.84137646
299850 0.841479797
300150 0.841583135
300350 0.841686473
300650 0.841789811
300750 0.841893149
300950 0.841996487
301050 0.842099824
301750 0.842203162
301850 0.842409838
301950 0.842513176
302150 0.842719851
302450 0.842823189
302850 0.842926527
303050 0.843029865
303250 0.843133202
303750 0.843339878
303850 0.843649891
304050 0.843753229
304250 0.843856567
304450 0.843959905
304550 0.844063243
305150 0.844166581
305250 0.844269918
305450 0.844373256
305650 0.844476594
305750 0.844579932
306050 0.84468327
306750 0.844786607
306850 0.844889945
306950 0.845096621
307150 0.845199959
307450 0.845303296
307750 0.845509972
308250 0.84561331
308450 0.845716648
308650 0.845819986
308750 0.846026661
309050 0.846129999
309350 0.846233337
309750 0.846440012
309850 0.84654335
310050 0.846750026
310450 0.846853364
311050 0.846956701
311650 0.847163377
312050 0.847370053
312850 0.847473391
313050 0.847680066
313350 0.847886742
313550 0.84799008
314050 0.848093417
314350 0.848196755
314550 0.848300093
315250 0.848403431
315850 0.848506769
316550 0.848610106
316750 0.848713444
317150 0.849023458
317550 0.849126795
317750 0.849230133
317850 0.849333471
318050 0.849436809
318150 0.849540147
318250 0.849643485
318450 0.849746822
318550 0.849953498
318650 0.850056836
319050 0.850263511
319550 0.850366849
319850 0.850470187
320050 0.850573525
321350 0.850676863
321550 0.8507802
321650 0.850883538
321950 0.850986876
322050 0.851090214
322350 0.851193552
322650 0.85129689
322950 0.851503565
323650 0.851606903
324450 0.851710241
324650 0.851813579
324950 0.851916916
325050 0.852020254
325450 0.852123592
325750 0.85222693
326050 0.852330268
326250 0.852433605
326550 0.852536943
326950 0.852743619
327050 0.852846957
327450 0.852950295
327650 0.853053632
327950 0.85315697
328150 0.853260308
328350 0.853363646
328650 0.853466984
329050 0.853673659
329250 0.853776997
329450 0.853880335
330050 0.853983673
330350 0.85408701
330750 0.854190348
330850 0.854397024
331350 0.854603699
332250 0.854707037
332350 0.854810375
332450 0.854913713
332650 0.855017051
332750 0.855120389
333350 0.855223726
333450 0.855327064
333950 0.855430402
334450 0.85553374
334850 0.855637078
335250 0.855740415
336650 0.855843753
337150 0.855947091
337650 0.856050429
339650 0.856153767
340150 0.856257104
340350 0.856360442
340450 0.85646378
340650 0.856567118
341050 0.856670456
341150 0.856773794
341650 0.856877131
341950 0.856980469
342250 0.857083807
342450 0.857187145
342550 0.857290483
342850 0.85739382
342950 0.857497158
343250 0.857600496
344750 0.857703834
344850 0.857807172
345550 0.858013847
345650 0.858220523
346450 0.858323861
346650 0.858427199
346950 0.858530536
348150 0.858633874
348350 0.85884055
348750 0.858943888
349250 0.859047225
349950 0.859150563
350150 0.859253901
350650 0.859357239
350850 0.859460577
351050 0.859563914
351450 0.85977059
352050 0.859873928
353550 0.860080603
353850 0.860183941
354050 0.860287279
354150 0.860390617
354550 0.860493955
355350 0.860597293
355650 0.86070063
356150 0.860803968
356250 0.860907306
356650 0.861010644
357350 0.861113982
358150 0.861320657
358450 0.861423995
358850 0.861527333
359050 0.861630671
359550 0.861734008
359750 0.861837346
360050 0.862044022
360450 0.86214736
360550 0.862250698
360650 0.862354035
361350 0.862457373
361950 0.862560711
362750 0.862664049
362850 0.862767387
363250 0.862974062
363450 0.8630774
364850 0.863180738
365250 0.863284076
365350 0.863387413
365450 0.863490751
366050 0.863594089
366150 0.863697427
367550 0.863800765
367650 0.863904103
367750 0.86400744
368450 0.864110778
369050 0.864214116
370150 0.864317454
370650 0.864420792
371050 0.864524129
371150 0.864627467
371350 0.864730805
371450 0.864834143
371750 0.865040818
372050 0.865144156
373250 0.865247494
373450 0.865350832
373950 0.86545417
374750 0.865557507
375150 0.865660845
375750 0.865764183
375950 0.865867521
376350 0.865970859
376450 0.866177534
376650 0.866280872
377050 0.86638421
377850 0.866487548
378850 0.866590886
380150 0.866694223
380550 0.866797561
381150 0.866900899
381250 0.867004237
381450 0.867107575
381550 0.867210912
382250 0.86731425
382950 0.867417588
383050 0.867624264
383250 0.867727602
383350 0.867830939
384050 0.867934277
385250 0.868037615
385650 0.868140953
385850 0.868244291
387350 0.868347628
387450 0.868450966
388450 0.868554304
389050 0.868657642
389350 0.86876098
389450 0.868864317
390250 0.868967655
390450 0.869070993
391250 0.869174331
391650 0.869277669
391750 0.869381007
392050 0.869484344
392350 0.86969102
392850 0.869794358
394950 0.869897696
395750 0.870104371
396050 0.870207709
396350 0.870311047
396450 0.870414385
396750 0.870517722
396950 0.87062106
397950 0.870724398
398650 0.870827736
399250 0.870931074
399350 0.871034411
400250 0.871344425
400350 0.871447763
400750 0.871551101
401550 0.871654438
401650 0.871757776
402050 0.871861114
402150 0.871964452
404250 0.87206779
404550 0.872171127
404750 0.872377803
405850 0.872481141
406650 0.872584479
406750 0.872687816
406850 0.872791154
407450 0.87299783
409150 0.873101168
409250 0.873204506
409550 0.873411181
409750 0.873514519
409950 0.873721195
410450 0.87392787
410750 0.874031208
410950 0.874134546
411150 0.874237884
411250 0.874341221
411350 0.874444559
411550 0.874547897
411750 0.874651235
412750 0.874754573
412850 0.874857911
413050 0.874961248
413250 0.875064586
413550 0.875167924
414150 0.875271262
414650 0.8753746
414750 0.875477937
415050 0.875581275
415450 0.875684613
415550 0.875787951
416250 0.875891289
417050 0.875994626
417250 0.876097964
417550 0.87630464
417750 0.876407978
418750 0.876511315
419650 0.876614653
420350 0.876821329
420650 0.876924667
421150 0.877028005
423750 0.877131342
424350 0.87723468
425650 0.877338018
426850 0.877441356
427050 0.877544694
427250 0.877648031
427450 0.877751369
428450 0.877854707
428550 0.877958045
428650 0.87816472
428750 0.878268058
429050 0.878371396
429950 0.878474734
430050 0.878578072
430150 0.87868141
430550 0.878784747
430750 0.878888085
431250 0.878991423
432350 0.879094761
432550 0.879198099
432750 0.879301436
432850 0.879404774
432950 0.879508112
433350 0.87961145
434350 0.879714788
434650 0.879818125
434850 0.880024801
435350 0.880128139
436450 0.880231477
438250 0.880334815
438650 0.880438152
439050 0.88054149
439750 0.880644828
440050 0.880748166
440150 0.880851504
440250 0.880954841
440750 0.881058179
440850 0.881161517
441050 0.881264855
441850 0.881368193
442350 0.88147153
443050 0.881574868
444050 0.881678206
444950 0.881781544
445750 0.881884882
446050 0.881988219
446150 0.882401571
446350 0.882504909
447250 0.882608246
447850 0.882711584
448050 0.882814922
448250 0.88291826
450950 0.883021598
451450 0.883124935
451650 0.883228273
452150 0.883331611
452350 0.883434949
452550 0.883538287
453650 0.883641624
454250 0.883744962
454450 0.8838483
454550 0.883951638
455950 0.884054976
456350 0.884158314
457350 0.884261651
458350 0.884364989
459450 0.884468327
459750 0.884571665
460050 0.884675003
460550 0.884881678
461050 0.884985016
461950 0.885088354
462050 0.885295029
462150 0.885398367
462450 0.885501705
463250 0.885605043
463350 0.885708381
465150 0.885811719
465450 0.885915056
465850 0.886121732
466450 0.88622507
466650 0.886328408
466750 0.886431745
467250 0.886535083
467850 0.886638421
468650 0.886845097
469450 0.886948434
470150 0.887051772
470350 0.88715511
472150 0.887258448
472950 0.887361786
474050 0.887465123
474750 0.887568461
474850 0.887775137
476950 0.887878475
477450 0.887981813
477550 0.888188488
477650 0.888291826
477950 0.888395164
478050 0.888498502
479750 0.888601839
479850 0.888705177
481050 0.888808515
481350 0.888911853
483550 0.889015191
485250 0.889118528
485350 0.889221866
485750 0.889325204
486850 0.889428542
486950 0.88953188
488050 0.889738555
488150 0.889841893
488350 0.889945231
489150 0.890048569
489250 0.890151907
489350 0.890255244
489550 0.89046192
490950 0.890565258
492550 0.890668596
493550 0.890771933
494150 0.890875271
495450 0.890978609
495750 0.891081947
496450 0.891185285
496950 0.89139196
497250 0.891495298
497850 0.891598636
499150 0.891701974
500650 0.891805312
500750 0.891908649
502150 0.892011987
502450 0.892218663
502550 0.892322001
502850 0.892425338
503550 0.892528676
503850 0.892632014
505350 0.892735352
505650 0.89283869
507450 0.892942027
507650 0.893045365
508450 0.893148703
508650 0.893252041
509250 0.893355379
509450 0.893458717
510050 0.893562054
510850 0.893665392
511050 0.89376873
511950 0.893872068
513450 0.893975406
513650 0.894078743
514050 0.894182081
515450 0.894285419
517550 0.894388757
517650 0.894492095
517750 0.894595432
518350 0.89469877
520450 0.894802108
522850 0.894905446
523250 0.895008784
524150 0.895112122
524950 0.895215459
525150 0.895318797
526550 0.895422135
527450 0.895525473
527850 0.895628811
529350 0.895732148
529850 0.895835486
530450 0.895938824
530750 0.896042162
530850 0.896248837
531350 0.896352175
532050 0.896455513
532450 0.896558851
532650 0.896662189
533750 0.896765527
533950 0.896972202
534050 0.89707554
534150 0.897178878
534450 0.897385553
535950 0.897488891
536550 0.897695567
536750 0.897798905
536950 0.897902242
537050 0.89800558
540450 0.898108918
541650 0.898212256
541950 0.898315594
542350 0.898418931
542850 0.898522269
544150 0.898625607
544650 0.898728945
544950 0.898832283
545750 0.898935621
548350 0.899038958
548750 0.899142296
549950 0.899245634
550750 0.899348972
551350 0.899555647
552450 0.899658985
552550 0.899762323
554050 0.899865661
554350 0.899968999
555550 0.900072336
556150 0.900175674
557850 0.900279012
560150 0.90038235
560550 0.900485688
560850 0.900589026
561350 0.900692363
562350 0.900795701
562850 0.900899039
564350 0.901002377
565450 0.901105715
565750 0.901209052
566450 0.90131239
566850 0.901415728
566950 0.901519066
567050 0.901622404
567350 0.901725741
567550 0.901932417
567650 0.902035755
568050 0.902139093
568550 0.902242431
568950 0.902345768
570450 0.902449106
571050 0.902552444
573750 0.902655782
574050 0.90275912
574550 0.902862457
574950 0.902965795
576150 0.903069133
576550 0.903172471
576750 0.903275809
577650 0.903379146
580250 0.903482484
580750 0.903585822
581850 0.90368916
582150 0.903792498
582550 0.903895835
582850 0.903999173
584750 0.904102511
585550 0.904205849
585750 0.904309187
586250 0.904412525
589850 0.904515862
590550 0.9046192
591250 0.904722538
592050 0.904825876
592750 0.904929214
593050 0.905032551
594550 0.905135889
595250 0.905239227
596550 0.905342565
596750 0.905445903
596850 0.90554924
597150 0.905652578
598150 0.905755916
598950 0.905859254
599150 0.905962592
601450 0.90606593
601750 0.906169267
602850 0.906272605
603550 0.906375943
603850 0.906479281
605350 0.906582619
606250 0.906789294
608150 0.906892632
608450 0.90699597
609450 0.907099308
609850 0.907305983
610350 0.907409321
611650 0.907512659
611850 0.907615997
612750 0.907719335
614650 0.907822672
616050 0.90792601
617950 0.908029348
618250 0.908236024
618850 0.908339361
619350 0.908442699
619550 0.908546037
621350 0.908649375
621450 0.908752713
621650 0.90885605
622850 0.908959388
623050 0.909062726
623150 0.909166064
624150 0.909269402
624250 0.909476077
625150 0.909579415
626650 0.909682753
627050 0.909786091
628050 0.909889429
628350 0.909992766
633250 0.910096104
633450 0.910199442
634250 0.91030278
634350 0.910406118
635750 0.910509455
636150 0.910612793
636450 0.910716131
636550 0.910819469
637350 0.910922807
640750 0.911026144
641850 0.911129482
642950 0.91123282
643950 0.911336158
645850 0.911439496
646250 0.911542834
647050 0.911646171
647150 0.911852847
648050 0.911956185
648150 0.912059523
648850 0.91216286
649050 0.912266198
649150 0.912472874
650350 0.912576212
650450 0.912679549
651150 0.912782887
653350 0.912886225
653850 0.912989563
656050 0.913092901
657450 0.913196239
659450 0.913299576
661750 0.913402914
664850 0.913506252
665650 0.91360959
666150 0.913712928
666550 0.913816265
667450 0.913919603
667750 0.914022941
667950 0.914126279
668050 0.914229617
668550 0.914332954
668650 0.914436292
669550 0.91453963
671150 0.914642968
672350 0.914746306
675550 0.914849643
675750 0.914952981
676850 0.915056319
677850 0.915159657
678150 0.915262995
678450 0.915366333
678650 0.91546967
679350 0.915573008
680250 0.915676346
680750 0.915779684
681850 0.915986359
682950 0.916193035
683050 0.916296373
687450 0.916399711
688450 0.916503048
691850 0.916606386
692050 0.916709724
692150 0.916813062
692450 0.9169164
694150 0.917019738
694550 0.917123075
696350 0.917226413
697850 0.917329751
702350 0.917433089
703750 0.917536427
707250 0.917639764
708450 0.917743102
708850 0.91784644
708950 0.917949778
710650 0.918053116
710850 0.918156453
711550 0.918259791
711750 0.918363129
713950 0.918466467
714050 0.918569805
716150 0.918673143
717650 0.91877648
719550 0.918879818
721350 0.918983156
722750 0.919086494
727250 0.919189832
728250 0.919293169
728750 0.919396507
732750 0.919499845
732850 0.919603183
733050 0.919706521
733250 0.919809858
734850 0.919913196
735150 0.920016534
739250 0.920119872
740050 0.92022321
740550 0.920326547
743150 0.920429885
743750 0.920533223
745150 0.920636561
747950 0.920739899
748350 0.920843237
748850 0.920946574
749450 0.921049912
750150 0.92115325
750650 0.921256588
753250 0.921359926
755550 0.921463263
755650 0.921566601
757550 0.921669939
758450 0.921773277
759150 0.921876615
760750 0.921979952
762550 0.92208329
763550 0.922186628
763750 0.922289966
763850 0.922393304
764350 0.922496642
768150 0.922599979
769150 0.922703317
770950 0.922806655
771450 0.922909993
771550 0.923013331
772450 0.923116668
772850 0.923220006
774550 0.923323344
777650 0.923426682
778750 0.92353002
778950 0.923633357
780050 0.923736695
780450 0.923840033
780950 0.923943371
786950 0.924046709
787650 0.924150047
787750 0.924253384
788350 0.924356722
789950 0.92446006
790050 0.924563398
790150 0.924666736
790350 0.924770073
790650 0.924873411
790850 0.924976749
792250 0.925183425
796050 0.925286762
796750 0.9253901
796850 0.925493438
797450 0.925596776
797650 0.925700114
799450 0.925803451
801150 0.925906789
801850 0.926010127
802150 0.926113465
802250 0.926216803
803050 0.926320141
804350 0.926423478
805150 0.926526816
805750 0.926630154
809450 0.926733492
812550 0.92683683
816850 0.926940167
817250 0.927146843
817350 0.927250181
818750 0.927353519
820750 0.927456856
822750 0.927560194
822850 0.927663532
825050 0.92776687
825750 0.927870208
826150 0.927973546
826450 0.928076883
828150 0.928180221
828650 0.928283559
832150 0.928386897
832750 0.928593572
832850 0.92869691
832950 0.928903586
833450 0.929006924
834150 0.929110261
836250 0.929213599
836950 0.929316937
837450 0.929420275
838850 0.929626951
839250 0.929730288
839750 0.929833626
841050 0.930040302
842850 0.93014364
843350 0.930246977
843450 0.930350315
843950 0.930453653
845350 0.930556991
846850 0.930660329
855250 0.930763666
856050 0.930867004
856150 0.930970342
857150 0.93107368
858550 0.931177018
860650 0.931280355
861050 0.931383693
864250 0.931487031
865350 0.931590369
866450 0.931693707
870150 0.931797045
870350 0.931900382
872250 0.93200372
872350 0.932107058
875350 0.932210396
877050 0.932313734
877150 0.932417071
878650 0.932520409
879650 0.932623747
883250 0.932727085
885650 0.932830423
888150 0.93293376
889850 0.933037098
893750 0.933140436
893850 0.933243774
898450 0.933347112
899650 0.93345045
901150 0.933553787
905050 0.933657125
909750 0.933760463
913850 0.933863801
914250 0.934070476
914850 0.934173814
915950 0.934277152
922450 0.93438049
923050 0.934483828
924050 0.934587165
924450 0.934690503
925350 0.934793841
926450 0.934897179
928350 0.935000517
929550 0.935103855
934450 0.935207192
934950 0.93531053
935250 0.935413868
936850 0.935517206
937550 0.935620544
939450 0.935723881
940050 0.935827219
942550 0.935930557
943650 0.936033895
944250 0.936137233
947450 0.93624057
948450 0.936343908
949050 0.936447246
950850 0.936550584
951150 0.936653922
957250 0.936757259
959750 0.936860597
960250 0.936963935
960850 0.937170611
961650 0.937273949
963050 0.937480624
964850 0.9376873
965350 0.937790638
970450 0.937893975
970850 0.937997313
971150 0.938100651
971350 0.938203989
971750 0.938307327
981650 0.938410664
985150 0.938514002
986450 0.93861734
986550 0.938824016
988350 0.938927354
988550 0.939030691
989250 0.939134029
989450 0.939237367
990150 0.939340705
991250 0.939444043
995550 0.93954738
995750 0.939650718
996450 0.939754056
996650 0.939857394
998550 0.939960732
1002350 0.940064069
1004350 0.940167407
1007350 0.940270745
1007750 0.940374083
1007850 0.940477421
1009550 0.940580758
1010150 0.940684096
1010250 0.940787434
1010550 0.940890772
1011850 0.94099411
1012550 0.941097448
1014150 0.941200785
1014850 0.941304123
1015350 0.941407461
1016250 0.941510799
1016650 0.941614137
1017650 0.941717474
1019750 0.941820812
1023450 0.94192415
1025850 0.942027488
1026650 0.942130826
1034650 0.942234163
1034950 0.942337501
1036350 0.942440839
1039850 0.942647515
1043350 0.94285419
1048450 0.942957528
1048750 0.943060866
1050150 0.943164204
1053250 0.943267542
1056950 0.943370879
1057850 0.943474217
1059750 0.943577555
1060250 0.943680893
1067450 0.943784231
1070450 0.943887568
1075850 0.943990906
1080450 0.944094244
1083850 0.944197582
1085250 0.94430092
1085550 0.944404258
1086350 0.944507595
1087350 0.944610933
1096750 0.944714271
1099350 0.944817609
1100150 0.944920947
1101850 0.945024284
1105750 0.945127622
1107150 0.94523096
1109450 0.945334298
1110350 0.945437636
1119650 0.945540973
1124350 0.945644311
1128750 0.945747649
1130950 0.945850987
1132550 0.945954325
1135950 0.946057662
1141550 0.946161
1143850 0.946264338
1144150 0.946367676
1158950 0.946471014
1159350 0.946574352
1160550 0.946677689
1167850 0.946781027
1168150 0.946884365
1169450 0.946987703
1171650 0.947091041
1172850 0.947194378
1173850 0.947297716
1173950 0.947401054
1181950 0.947504392
1182050 0.94760773
1183950 0.947711067
1184650 0.947814405
1190750 0.947917743
1192650 0.948021081
1194750 0.948124419
1196350 0.948227757
1201050 0.948331094
1204050 0.948434432
1209550 0.94853777
1211550 0.948641108
1218550 0.948744446
1221750 0.948847783
1223850 0.948951121
1231250 0.949054459
1233350 0.949157797
1236650 0.949261135
1243250 0.949364472
1244450 0.94946781
1248250 0.949571148
1253050 0.949674486
1253750 0.949777824
1254650 0.949881162
1256650 0.949984499
1263750 0.950087837
1278050 0.950191175
1280550 0.950294513
1282050 0.950397851
1283350 0.950501188
1290350 0.950604526
1297650 0.950707864
1299750 0.950811202
1305650 0.95091454
1307050 0.951017877
1310050 0.951121215
1310350 0.951224553
1317350 0.951327891
1319650 0.951431229
1323050 0.951534566
1326850 0.951637904
1327050 0.951741242
1329650 0.95184458
1333950 0.951947918
1349550 0.952051256
1350850 0.952154593
1356050 0.952257931
1358750 0.952361269
1358850 0.952464607
1359850 0.952567945
1361550 0.952671282
1365150 0.95277462
1369950 0.952877958
1380350 0.952981296
1381250 0.953084634
1381750 0.953187971
1382650 0.953291309
1383150 0.953394647
1385250 0.953497985
1387250 0.953601323
1387650 0.953704661
1390550 0.953807998
1395450 0.953911336
1415350 0.954014674
1420450 0.954118012
1421450 0.95422135
1424750 0.954324687
1425650 0.954428025
1429750 0.954531363
1430850 0.954634701
1434250 0.954738039
1435950 0.954841376
1439950 0.954944714
1443850 0.955048052
1447550 0.95515139
1449650 0.955254728
1450150 0.955358066
1453750 0.955461403
1456050 0.955564741
1458450 0.955668079
1459450 0.955771417
1464350 0.955874755
1466850 0.955978092
1475950 0.95608143
1476250 0.956184768
1477950 0.956288106
1478850 0.956391444
1478950 0.956494781
1486750 0.956598119
1492050 0.956701457
1497250 0.956804795
1502050 0.956908133
1502750 0.95701147
1505650 0.957114808
1506350 0.957218146
1512650 0.957321484
1520950 0.957424822
1525350 0.95752816
1530850 0.957631497
1531150 0.957734835
1532550 0.957838173
1533550 0.957941511
1540550 0.958044849
1546550 0.958148186
1550550 0.958251524
1553450 0.958354862
1555950 0.9584582
1557850 0.958561538
1568950 0.958664875
1574250 0.958768213
1575950 0.958871551
1582450 0.958974889
1589450 0.959078227
1598550 0.959181565
1600250 0.959284902
1605050 0.95938824
1606150 0.959491578
1610050 0.959594916
1610850 0.959698254
1616150 0.959801591
1617950 0.959904929
1622350 0.960008267
1635850 0.960111605
1640350 0.960214943
1641750 0.96031828
1644550 0.960421618
1660250 0.960524956
1662850 0.960628294
1665050 0.960731632
1666050 0.96083497
1666350 0.960938307
1668350 0.961041645
1668750 0.961144983
1670250 0.961248321
1672350 0.961351659
1675050 0.961454996
1675750 0.961558334
1677550 0.961661672
1679650 0.96176501
1681050 0.961868348
1686250 0.961971685
1696950 0.962075023
1697950 0.962178361
1698950 0.962281699
1700350 0.962385037
1707150 0.962488374
1712850 0.962591712
1719950 0.96269505
1723550 0.962798388
1724250 0.962901726
1725750 0.963005064
1741950 0.963108401
1747650 0.963211739
1750650 0.963315077
1758250 0.963418415
1759450 0.963521753
1762050 0.96362509
1767950 0.963728428
1769350 0.963831766
1776850 0.963935104
1785150 0.964141779
1793050 0.964245117
1794250 0.964348455
1795750 0.964451793
1798150 0.964555131
1806750 0.964658469
1814650 0.964761806
1815350 0.964865144
1819550 0.964968482
1843150 0.96507182
1847150 0.965175158
1854150 0.965278495
1854950 0.965381833
1863550 0.965485171
1874450 0.965588509
1878750 0.965691847
1893750 0.965795184
1898150 0.965898522
1905950 0.96600186
1924050 0.966105198
1930050 0.966208536
1933050 0.966311874
1934350 0.966415211
1941750 0.966518549
1944150 0.966621887
1946050 0.966725225
1953750 0.966828563
1954850 0.9669319
1955450 0.967035238
1963850 0.967138576
1975050 0.967241914
1984250 0.967345252
1988150 0.967448589
1997550 0.967551927
2002150 0.967655265
2008050 0.967758603
2017950 0.967861941
2035150 0.967965278
2036650 0.968068616
2045350 0.968171954
2047150 0.968275292
2047450 0.96837863
2056350 0.968481968
2060750 0.968585305
2061150 0.968688643
2064050 0.968791981
2086750 0.968895319
2087150 0.968998657
2099050 0.969101994
2100550 0.969205332
2103150 0.96930867
2120450 0.969412008
2123150 0.969515346
2131250 0.969618683
2141050 0.969722021
2148050 0.969825359
2166050 0.969928697
2169550 0.970032035
2171250 0.970135373
2177550 0.97023871
2210050 0.970342048
2211250 0.970445386
2215950 0.970548724
2216150 0.970652062
2231950 0.970755399
2232350 0.970858737
2241950 0.970962075
2242550 0.971065413
2247450 0.971168751
2257350 0.971272088
2259950 0.971375426
2261950 0.971478764
2274050 0.971582102
2278950 0.97168544
2283250 0.971788778
2283950 0.971892115
2289950 0.971995453
2297550 0.972098791
2305650 0.972202129
2307950 0.972305467
2318250 0.972408804
2326050 0.972512142
2337950 0.97261548
2344950 0.972718818
2354950 0.972822156
2392850 0.972925493
2397750 0.973028831
2401350 0.973132169
2403250 0.973235507
2415650 0.973338845
2431850 0.973442182
2437150 0.97354552
2441350 0.973648858
2451950 0.973752196
2465050 0.973855534
2468950 0.973958872
2473750 0.974062209
2480850 0.974165547
2481950 0.974268885
2512750 0.974372223
2513350 0.974475561
2523150 0.974578898
2527450 0.974682236
2527550 0.974785574
2530750 0.974888912
2546650 0.97499225
2557450 0.975095587
2585450 0.975198925
2595450 0.975302263
2601850 0.975405601
2615250 0.975508939
2620550 0.975612277
2621250 0.975715614
2622850 0.975818952
2636250 0.97592229
2648650 0.976025628
2661150 0.976128966
2681650 0.976232303
2683950 0.976335641
2685050 0.976438979
2701550 0.976542317
2714750 0.976645655
2725450 0.976748992
2756350 0.97685233
2761950 0.976955668
2774550 0.977059006
2802650 0.977162344
2850150 0.977265682
2851350 0.977369019
2864550 0.977472357
2866650 0.977575695
2888650 0.977679033
2898650 0.977782371
2911950 0.977885708
2942750 0.977989046
2947750 0.978092384
2958350 0.978195722
2974250 0.97829906
2974350 0.978402397
2977250 0.978505735
3012250 0.978609073
3027750 0.978712411
3061650 0.978815749
3065550 0.978919086
3067950 0.979022424
3076750 0.979125762
3080850 0.9792291
3122850 0.979332438
3133050 0.979435776
3140450 0.979539113
3201350 0.979642451
3220650 0.979745789
3228650 0.979849127
3249050 0.979952465
3294850 0.980055802
3298750 0.98015914
3315850 0.980262478
3320550 0.980365816
3343450 0.980469154
3347650 0.980572491
3349950 0.980675829
3364550 0.980779167
3364650 0.980882505
3382450 0.980985843
3401850 0.981089181
3452050 0.981192518
3463450 0.981295856
3469450 0.981399194
3517050 0.981502532
3558350 0.98160587
3629050 0.981709207
3637850 0.981812545
3650650 0.981915883
3651450 0.982019221
3660450 0.982122559
3662450 0.982225896
3671850 0.982329234
3689550 0.982432572
3692650 0.98253591
3699850 0.982639248
3714950 0.982742586
3767850 0.982845923
3791950 0.982949261
3815050 0.983052599
3820450 0.983155937
3830150 0.983259275
3862450 0.983362612
3874850 0.98346595
3913250 0.983569288
3926350 0.983672626
3927550 0.983775964
3937050 0.983879301
3941550 0.983982639
4010550 0.984085977
4056750 0.984189315
4138650 0.984292653
4139450 0.98439599
4145050 0.984499328
4156550 0.984602666
4171950 0.984706004
4181250 0.984809342
4188350 0.98491268
4248750 0.985016017
4258050 0.985119355
4272650 0.985222693
4275550 0.985326031
4305450 0.985429369
4332750 0.985532706
4348450 0.985636044
4349450 0.985739382
4364350 0.98584272
4378250 0.985946058
4385050 0.986049395
4393950 0.986152733
4429150 0.986256071
4437250 0.986359409
4443950 0.986462747
4469050 0.986566085
4471550 0.986669422
4486150 0.98677276
4499050 0.986876098
4576050 0.986979436
4658450 0.987082774
4688550 0.987186111
4717650 0.987289449
4738450 0.987392787
4757850 0.987496125
4771150 0.987599463
4776550 0.9877028
4799950 0.987806138
4801450 0.987909476
4846850 0.988012814
4851450 0.988116152
4933050 0.98821949
4978750 0.988322827
5043450 0.988426165
5057650 0.988529503
5098350 0.988632841
5153750 0.988736179
5167650 0.988839516
5177350 0.988942854
5219550 0.989046192
5245750 0.98914953
5269550 0.989252868
5282650 0.989356205
5293850 0.989459543
5324750 0.989562881
5358550 0.989666219
5392150 0.989769557
5411250 0.989872894
5420650 0.989976232
5427950 0.99007957
5431750 0.990182908
5435950 0.990286246
5447350 0.990389584
5457350 0.990492921
5464950 0.990596259
5480150 0.990699597
5494650 0.990802935
5573850 0.990906273
5584850 0.99100961
5649050 0.991112948
5722350 0.991216286
5723450 0.991319624
5740750 0.991422962
5748050 0.991526299
5765750 0.991629637
5906850 0.991732975
5916450 0.991836313
5971050 0.991939651
5994450 0.992042989
6013750 0.992146326
6052550 0.992249664
6108550 0.992353002
6138850 0.99245634
6188450 0.992559678
6237150 0.992663015
6256650 0.992766353
6288050 0.992869691
6290150 0.992973029
6323850 0.993076367
6446450 0.993179704
6472950 0.993283042
6516050 0.99338638
6516850 0.993489718
6560150 0.993593056
6603450 0.993696394
6677450 0.993799731
6729250 0.993903069
6736950 0.994006407
6740350 0.994109745
6742250 0.994213083
6902250 0.99431642
7000850 0.994419758
7037550 0.994523096
7042550 0.994626434
7367450 0.994729772
7608350 0.994833109
7738850 0.994936447
7998550 0.995039785
8005950 0.995143123
8014350 0.995246461
8159550 0.995349798
8227750 0.995453136
8277850 0.995556474
8287050 0.995659812
8758550 0.99576315
9347550 0.995866488
9351250 0.995969825
9523550 0.996073163
9655150 0.996176501
9839850 0.996279839
9844750 0.996383177
9853050 0.996486514
10099950 0.99669319
10199950 0.996796528
10299950 0.997106541
10599950 0.997209879
10999950 0.997313217
11799950 0.997519893
13199950 0.99762323
13299950 0.997726568
13399950 0.997829906
13499950 0.997933244
14299950 0.998036582
14499950 0.998139919
14899950 0.998243257
15099950 0.998346595
15299950 0.998449933
15499950 0.998656608
15999950 0.998759946
16299950 0.998863284
16699950 0.998966622
20099950 0.99906996
20299950 0.999276635
20799950 0.999379973
21699950 0.999483311
24699950 0.999586649
26699950 0.999689987
28199950 0.999793324
39499950 0.999896662
53499950 1
