0 7	0	1	2	3	4	5	159			
1 4	6	7	8	9						
2 3	10	11	12							
3 3	13	14	15						
4 2	16	17								
5 2	18	19								
6 3	20	21	22							
7 3	23	24	25							
8 3	26	27	28							
9 2	29	30								
10 3	31	32	33							
11 3	34	35	36							
12 2	37	38								
13 5	39	40	41	42	43					
14 3	44	45	46							
15 3	48	49	50							
16 2	51	52								
17 7	53	54	55	56	57	58	59			
18 7	60	61	62	63	64	65	66			
19 2	67	68								
20 4	69	70	71	72						
21 1	74									
22 4	75	76	77	78						
23 4	79	80	81	82						
24 3	83	84	85							
25 2	86	87								
26 2	88	89								
27 4	90	91	92	93						
28 5	94	95	96	97	98					
29 2	99	100								
30 3	101	102	103							
31 3	104	105	106							
32 2	107	108								
33 3	109	110	111							
34 11	112	113	114	115	116	117	118	119	120	121	123
35 3	124	125	126							
36 2	130	131								
37 3	132	133	134							
38 4	135	136	137	138						
39 1	139									
40 7	140	141	142	143	144	145	146			
41 1	147									
42 3	149	150	151							
43 1	152									
44 3	153	154	155							
45 1	156									
46 2	157	158								
47 2	160	161								
48 10	162	163	164	165	166	167	168	169	122	47
49 5	170	171	172	194	73					
50 5	173	174	175	176	177				
51 3	178	179	180						
52 5	181	182	183	184	185				
53 4	186	187	188	189					
54 5	190	191	192	193	148				
55 3	127	128	129							
0 1	8	
1 1	153	
2 8	30	52	110	151	161	12	14	71	
3 2	65	59	
4 1	125	
5 1	128	
6 4	7	75	147	80	
7 3	6	57	64	
8 16	0	156	90	160	178	88	116	171	50	38	46	143	133	185	138	129	
9 2	91	17	
10 2	67	128	
11 2	82	78	
12 2	2	153	
13 3	153	125	128	
14 1	2	
15 1	150	
16 1	89	
17 1	9	
18 1	18	
19 5	168	158	98	104	126	
20 1	27	
21 1	32	
22 1	25	
23 1	31	
24 1	26	
25 1	22	
26 1	24	
27 1	20	
28 1	33	
29 3	153	125	128	
30 7	2	153	74	67	166	169	135
31 1	23	
32 1	21	
33 1	28	
34 1	41	
35 1	49	
36 1	54	
37 1	62	
38 1	8	
39 1	44	
40 1	48	
41 1	34	
42 1	56	
43 1	61	
44 1	39	
45 1	63	
46 1	8	
47 1	170	
48 1	40	
49 1	35	
50 6	113	137	8	134	145	92	
51 5	193	168	142	172	126	
52 1	2	
53 2	112	93	
54 1	36	
55 1	60	
56 1	42	
57 1	7	
58 1	149	
59 6	113	92	145	134	3	137	
60 1	55	
61 1	43	
62 1	37	
63 1	45	
64 1	7	
65 6	134	3	145	137	113	92	
66 2	112	93	
67 5	10	114	118	68	30	
68 3	135	132	67	
69 4	153	125	166	128	
70 1	109	
71 1	2	
72 1	153	
73 1	87	
74 5	30	182	136	119	114	
75 1	6	
76 1	79	
77 1	179	
78 1	11	
79 1	76	
80 1	6	
81 1	180	
82 1	11	
83 1	83	
84 5	162	192	189	105	101	
85 1	86	
86 1	85	
87 1	73	
88 1	8	
89 1	16	
90 2	8	90	
91 1	9	
92 3	50	59	65	
93 2	53	66	
94 1	175	
95 3	190	106	102	
96 1	139	
97 1	97	
98 1	19	
99 2	164	157	
100 2	141	148	
101 1	84	
102 2	140	95	
103 1	150	
104 2	150	19	
105 1	84	
106 2	95	140	
107 3	153	125	128	
108 2	186	191	
109 1	70	
110 1	2	
111 1	166	
112 2	53	66	
113 3	50	59	65	
114 9	153	67	74	166	169	132	128	125	135	
115 1	183	
116 1	8	
117 1	173	
118 4	67	128	125	131	
119 1	74	
120 3	153	128	125	
121 2	132	135	
122 2	122	162	
123 1	150	
124 2	127	124	
125 10	29	163	174	69	120	118	114	107	13	4	
126 2	19	51	
127 2	124	127	
128 10	163	69	120	118	114	13	5	107	29	10	
129 1	8	
130 1	165	
131 1	118	
132 6	68	184	114	121	136	146	
133 1	8	
134 3	65	50	59	
135 7	68	184	136	114	121	146	30	
136 3	74	135	132	
137 3	50	65	59	
138 1	8	
139 1	96	
140 4	190	188	102	106	
141 2	100	157	
142 2	150	51	
143 3	144	8	170	
144 2	143	167	
145 3	65	50	59	
146 2	135	132	
147 1	6	
148 1	100	
149 1	58	
150 10	193	187	142	104	168	158	103	15	172	123	
151 1	2	
152 1	154	
153 12	1	13	29	30	69	72	114	120	181	163	107	12	
154 1	152	
155 1	155	
156 1	8	
157 2	141	99	
158 2	19	150	
159 2	166	169	
160 1	8	
161 1	2	
162 2	84	122	
163 3	128	125	153	
164 1	99	
165 1	130	
166 7	69	114	159	182	30	177	111	
167 1	144	
168 3	19	150	51	
169 3	114	159	30	
170 2	47	143	
171 1	8	
172 2	150	51	
173 1	117	
174 1	125	
175 1	94	
176 1	176	
177 1	166	
178 1	8	
179 1	77	
180 1	81	
181 1	153	
182 2	74	166	
183 1	115	
184 2	132	135	
185 1	8	
186 1	108	
187 1	150	
188 1	140	
189 1	84	
190 2	140	95	
191 1	108	
192 1	84	
193 2	51	150	
194 1	194	
