CopyNumber	CumulativeDistributionFunction
   7.1335250e+01   9.5411177e-03
   2.1400575e+02   2.2149023e-02
   3.5667625e+02   3.4189005e-02
   4.9934675e+02   4.6456156e-02
   6.4201725e+02   5.7587460e-02
   7.8468775e+02   6.8150841e-02
   9.2735825e+02   7.6442526e-02
   1.0700288e+03   8.7005906e-02
   1.2126993e+03   9.6206270e-02
   1.3553698e+03   1.0415720e-01
   1.4980403e+03   1.1108587e-01
   1.6407108e+03   1.1835529e-01
   1.7833813e+03   1.2573830e-01
   1.9260518e+03   1.3289414e-01
   2.0687223e+03   1.3970922e-01
   2.2113927e+03   1.4709223e-01
   2.3540633e+03   1.5356656e-01
   2.4967338e+03   1.6038164e-01
   2.6394043e+03   1.6753748e-01
   2.7820748e+03   1.7196729e-01
   2.9247452e+03   1.7764652e-01
   3.0674158e+03   1.8355293e-01
   3.2100863e+03   1.8798274e-01
   3.3527568e+03   1.9445706e-01
   3.4954273e+03   1.9990913e-01
   3.6380978e+03   2.0502045e-01
   3.7807683e+03   2.1047251e-01
   3.9234388e+03   2.1535666e-01
   4.0661093e+03   2.1865061e-01
   4.2087798e+03   2.2342117e-01
   4.3514502e+03   2.2728305e-01
   4.4941208e+03   2.3148569e-01
   4.6367913e+03   2.3500682e-01
   4.7794618e+03   2.3818719e-01
   4.9221323e+03   2.4307133e-01
   5.0648027e+03   2.4602453e-01
   5.2074733e+03   2.4852340e-01
   5.3501438e+03   2.5204453e-01
   5.4928143e+03   2.5579282e-01
   5.6354848e+03   2.5954112e-01
   5.7781552e+03   2.6328941e-01
   5.9208257e+03   2.6669696e-01
   6.0634963e+03   2.6908224e-01
   6.2061668e+03   2.7214902e-01
   6.3488373e+03   2.7612449e-01
   6.4915078e+03   2.7987279e-01
   6.6341782e+03   2.8328033e-01
   6.7768488e+03   2.8646070e-01
   6.9195193e+03   2.8884598e-01
   7.0621898e+03   2.9145843e-01
   7.2048603e+03   2.9373012e-01
   7.3475307e+03   2.9611540e-01
   7.4902013e+03   2.9827351e-01
   7.6328718e+03   2.9997728e-01
   7.7755423e+03   3.0236256e-01
   7.9182128e+03   3.0508860e-01
   8.0608833e+03   3.0781463e-01
   8.2035537e+03   3.1110859e-01
   8.3462243e+03   3.1383462e-01
   8.4888947e+03   3.1576556e-01
   8.6315652e+03   3.1781009e-01
   8.7742357e+03   3.1883235e-01
   8.9169062e+03   3.2076329e-01
   9.0595768e+03   3.2383008e-01
   9.2022473e+03   3.2701045e-01
   9.3449178e+03   3.2939573e-01
   9.4875883e+03   3.3223535e-01
   9.6302588e+03   3.3484780e-01
   9.7729293e+03   3.3689232e-01
   9.9155998e+03   3.3950477e-01
   1.0058270e+04   3.4154930e-01
   1.0200941e+04   3.4370741e-01
   1.0343611e+04   3.4552476e-01
   1.0486282e+04   3.4711495e-01
   1.0628952e+04   3.4893230e-01
   1.0771623e+04   3.5154475e-01
   1.0914293e+04   3.5313494e-01
   1.1056964e+04   3.5495229e-01
   1.1199634e+04   3.5699682e-01
   1.1342305e+04   3.5881418e-01
   1.1484975e+04   3.6063153e-01
   1.1627646e+04   3.6199455e-01
   1.1770316e+04   3.6369832e-01
   1.1912987e+04   3.6472058e-01
   1.2055657e+04   3.6665152e-01
   1.2198328e+04   3.6824171e-01
   1.2340998e+04   3.6949114e-01
   1.2483669e+04   3.7199000e-01
   1.2626339e+04   3.7346661e-01
   1.2769010e+04   3.7494321e-01
   1.2911680e+04   3.7732849e-01
   1.3054351e+04   3.7914584e-01
   1.3197021e+04   3.8073603e-01
   1.3339692e+04   3.8300772e-01
   1.3482362e+04   3.8471149e-01
   1.3625033e+04   3.8652885e-01
   1.3767703e+04   3.8811904e-01
   1.3910374e+04   3.9004998e-01
   1.4053044e+04   3.9141299e-01
   1.4195715e+04   3.9311677e-01
   1.4338385e+04   3.9516129e-01
   1.4481056e+04   3.9595638e-01
   1.4623726e+04   3.9788732e-01
   1.4766397e+04   3.9868242e-01
   1.4909067e+04   3.9959109e-01
   1.5051738e+04   4.0129487e-01
   1.5194408e+04   4.0197637e-01
   1.5337079e+04   4.0402090e-01
   1.5479749e+04   4.0470241e-01
   1.5622420e+04   4.0561109e-01
   1.5765090e+04   4.0640618e-01
   1.5907761e+04   4.0742844e-01
   1.6050431e+04   4.0890504e-01
   1.6193102e+04   4.1015448e-01
   1.6335772e+04   4.1151749e-01
   1.6478443e+04   4.1333485e-01
   1.6621113e+04   4.1492503e-01
   1.6763784e+04   4.1560654e-01
   1.6906454e+04   4.1696956e-01
   1.7049125e+04   4.1776465e-01
   1.7191795e+04   4.1901408e-01
   1.7334466e+04   4.2003635e-01
   1.7477136e+04   4.2162653e-01
   1.7619807e+04   4.2253521e-01
   1.7762477e+04   4.2367106e-01
   1.7905148e+04   4.2526124e-01
   1.8047818e+04   4.2628351e-01
   1.8190489e+04   4.2696502e-01
   1.8333159e+04   4.2832803e-01
   1.8475830e+04   4.2923671e-01
   1.8618500e+04   4.3059973e-01
   1.8761171e+04   4.3162199e-01
   1.8903841e+04   4.3241708e-01
   1.9046512e+04   4.3366652e-01
   1.9189182e+04   4.3491595e-01
   1.9331853e+04   4.3673330e-01
   1.9474523e+04   4.3809632e-01
   1.9617194e+04   4.3957292e-01
   1.9759864e+04   4.4070877e-01
   1.9902535e+04   4.4263971e-01
   2.0045205e+04   4.4354839e-01
   2.0187876e+04   4.4491140e-01
   2.0330546e+04   4.4593367e-01
   2.0473217e+04   4.4729668e-01
   2.0615887e+04   4.4843253e-01
   2.0758558e+04   4.4934121e-01
   2.0901228e+04   4.5081781e-01
   2.1043899e+04   4.5218083e-01
   2.1186569e+04   4.5331667e-01
   2.1329240e+04   4.5399818e-01
   2.1471910e+04   4.5547478e-01
   2.1614581e+04   4.5672422e-01
   2.1757251e+04   4.5740572e-01
   2.1899922e+04   4.5808723e-01
   2.2042592e+04   4.5967742e-01
   2.2185263e+04   4.6058610e-01
   2.2327933e+04   4.6126761e-01
   2.2470604e+04   4.6217628e-01
   2.2613274e+04   4.6331213e-01
   2.2755945e+04   4.6422081e-01
   2.2898615e+04   4.6501590e-01
   2.3041286e+04   4.6547024e-01
   2.3183956e+04   4.6581100e-01
   2.3326627e+04   4.6671967e-01
   2.3469297e+04   4.6774194e-01
   2.3611968e+04   4.6830986e-01
   2.3754638e+04   4.6990005e-01
   2.3897309e+04   4.7092231e-01
   2.4039979e+04   4.7171740e-01
   2.4182650e+04   4.7239891e-01
   2.4325320e+04   4.7308042e-01
   2.4467991e+04   4.7398910e-01
   2.4610661e+04   4.7523853e-01
   2.4753332e+04   4.7592004e-01
   2.4896002e+04   4.7728305e-01
   2.5038673e+04   4.7773739e-01
   2.5181343e+04   4.7864607e-01
   2.5324014e+04   4.7966833e-01
   2.5466684e+04   4.8034984e-01
   2.5609355e+04   4.8171286e-01
   2.5752025e+04   4.8250795e-01
   2.5894696e+04   4.8364380e-01
   2.6037366e+04   4.8477965e-01
   2.6180037e+04   4.8523398e-01
   2.6322707e+04   4.8580191e-01
   2.6465378e+04   4.8636983e-01
   2.6608048e+04   4.8739209e-01
   2.6750719e+04   4.8818719e-01
   2.6893389e+04   4.8864153e-01
   2.7036060e+04   4.8943662e-01
   2.7178730e+04   4.9034530e-01
   2.7321401e+04   4.9136756e-01
   2.7464071e+04   4.9216265e-01
   2.7606742e+04   4.9375284e-01
   2.7749412e+04   4.9443435e-01
   2.7892083e+04   4.9545661e-01
   2.8034753e+04   4.9579736e-01
   2.8177424e+04   4.9670604e-01
   2.8320094e+04   4.9704680e-01
   2.8462765e+04   4.9750114e-01
   2.8605435e+04   4.9840981e-01
   2.8748106e+04   4.9931849e-01
   2.8890776e+04   5.0011358e-01
   2.9033447e+04   5.0113585e-01
   2.9176117e+04   5.0181736e-01
   2.9318788e+04   5.0283962e-01
   2.9461458e+04   5.0397547e-01
   2.9604129e+04   5.0488414e-01
   2.9746799e+04   5.0556565e-01
   2.9889470e+04   5.0636075e-01
   3.0032140e+04   5.0783735e-01
   3.0174811e+04   5.0829169e-01
   3.0317481e+04   5.0942753e-01
   3.0460152e+04   5.1022263e-01
   3.0602822e+04   5.1101772e-01
   3.0745493e+04   5.1181281e-01
   3.0888163e+04   5.1260791e-01
   3.1030834e+04   5.1328941e-01
   3.1173504e+04   5.1363017e-01
   3.1316175e+04   5.1419809e-01
   3.1458845e+04   5.1499318e-01
   3.1601516e+04   5.1601545e-01
   3.1744186e+04   5.1646979e-01
   3.1886857e+04   5.1669696e-01
   3.2029527e+04   5.1760563e-01
   3.2172198e+04   5.1794639e-01
   3.2314868e+04   5.1885507e-01
   3.2457539e+04   5.1965016e-01
   3.2600209e+04   5.2010450e-01
   3.2742880e+04   5.2067242e-01
   3.2885550e+04   5.2101318e-01
   3.3028221e+04   5.2146751e-01
   3.3170891e+04   5.2180827e-01
   3.3313562e+04   5.2214902e-01
   3.3456232e+04   5.2317129e-01
   3.3598903e+04   5.2339846e-01
   3.3741573e+04   5.2396638e-01
   3.3884244e+04   5.2453430e-01
   3.4026914e+04   5.2567015e-01
   3.4169585e+04   5.2623807e-01
   3.4312255e+04   5.2691958e-01
   3.4454926e+04   5.2760109e-01
   3.4597596e+04   5.2816901e-01
   3.4740267e+04   5.2839618e-01
   3.4882937e+04   5.2873694e-01
   3.5025608e+04   5.2953203e-01
   3.5168278e+04   5.3044071e-01
   3.5310949e+04   5.3112222e-01
   3.5453619e+04   5.3225806e-01
   3.5596290e+04   5.3259882e-01
   3.5738960e+04   5.3350750e-01
   3.5881631e+04   5.3396184e-01
   3.6024301e+04   5.3475693e-01
   3.6166972e+04   5.3521127e-01
   3.6309642e+04   5.3589278e-01
   3.6452313e+04   5.3691504e-01
   3.6594983e+04   5.3748296e-01
   3.6737654e+04   5.3805089e-01
   3.6880324e+04   5.3827806e-01
   3.7022995e+04   5.3895956e-01
   3.7165665e+04   5.3964107e-01
   3.7308336e+04   5.3986824e-01
   3.7451006e+04   5.4020900e-01
   3.7593677e+04   5.4077692e-01
   3.7736347e+04   5.4134484e-01
   3.7879018e+04   5.4213994e-01
   3.8021688e+04   5.4282144e-01
   3.8164359e+04   5.4338937e-01
   3.8307029e+04   5.4407088e-01
   3.8449700e+04   5.4475239e-01
   3.8592370e+04   5.4543389e-01
   3.8735041e+04   5.4566106e-01
   3.8877711e+04   5.4668333e-01
   3.9020382e+04   5.4702408e-01
   3.9163052e+04   5.4736483e-01
   3.9305723e+04   5.4781917e-01
   3.9448393e+04   5.4838710e-01
   3.9591064e+04   5.4884144e-01
   3.9733734e+04   5.4929577e-01
   3.9876405e+04   5.4975011e-01
   4.0019075e+04   5.5020445e-01
   4.0161746e+04   5.5099955e-01
   4.0304416e+04   5.5122672e-01
   4.0447087e+04   5.5190822e-01
   4.0589757e+04   5.5224898e-01
   4.0732428e+04   5.5304407e-01
   4.0875098e+04   5.5361199e-01
   4.1017769e+04   5.5406633e-01
   4.1160439e+04   5.5440709e-01
   4.1445780e+04   5.5497501e-01
   4.1588451e+04   5.5554294e-01
   4.1731121e+04   5.5656520e-01
   4.1873792e+04   5.5724671e-01
   4.2016462e+04   5.5736029e-01
   4.2159133e+04   5.5792821e-01
   4.2301803e+04   5.5815538e-01
   4.2444474e+04   5.5872331e-01
   4.2587144e+04   5.5906406e-01
   4.2729815e+04   5.5951840e-01
   4.2872485e+04   5.5997274e-01
   4.3015156e+04   5.6054066e-01
   4.3157826e+04   5.6099500e-01
   4.3300497e+04   5.6144934e-01
   4.3443167e+04   5.6179010e-01
   4.3585838e+04   5.6269877e-01
   4.3728508e+04   5.6303953e-01
   4.3871179e+04   5.6383462e-01
   4.4013849e+04   5.6440254e-01
   4.4156520e+04   5.6497047e-01
   4.4299190e+04   5.6610632e-01
   4.4441861e+04   5.6644707e-01
   4.4584531e+04   5.6724216e-01
   4.4727202e+04   5.6792367e-01
   4.4869872e+04   5.6826443e-01
   4.5012543e+04   5.6871876e-01
   4.5155213e+04   5.6905952e-01
   4.5297884e+04   5.7030895e-01
   4.5440554e+04   5.7110404e-01
   4.5583225e+04   5.7212631e-01
   4.5725895e+04   5.7258065e-01
   4.5868566e+04   5.7280781e-01
   4.6011236e+04   5.7303498e-01
   4.6153907e+04   5.7360291e-01
   4.6296577e+04   5.7417083e-01
   4.6439248e+04   5.7451159e-01
   4.6581918e+04   5.7519309e-01
   4.6724589e+04   5.7610177e-01
   4.6867259e+04   5.7666970e-01
   4.7009930e+04   5.7746479e-01
   4.7152600e+04   5.7780554e-01
   4.7295271e+04   5.7825988e-01
   4.7437941e+04   5.7860064e-01
   4.7580612e+04   5.7916856e-01
   4.7723282e+04   5.7928214e-01
   4.7865953e+04   5.7985007e-01
   4.8008623e+04   5.8019082e-01
   4.8151294e+04   5.8064516e-01
   4.8293964e+04   5.8178101e-01
   4.8436635e+04   5.8234893e-01
   4.8579305e+04   5.8268969e-01
   4.8721976e+04   5.8359836e-01
   4.8864646e+04   5.8382553e-01
   4.9007317e+04   5.8450704e-01
   4.9149987e+04   5.8507497e-01
   4.9292658e+04   5.8552930e-01
   4.9435328e+04   5.8598364e-01
   4.9577999e+04   5.8621081e-01
   4.9720669e+04   5.8643798e-01
   4.9863340e+04   5.8677874e-01
   5.0006010e+04   5.8723308e-01
   5.0148681e+04   5.8791458e-01
   5.0291351e+04   5.8814175e-01
   5.0434022e+04   5.8916402e-01
   5.0576692e+04   5.8961836e-01
   5.0719363e+04   5.9029986e-01
   5.0862033e+04   5.9109496e-01
   5.1004704e+04   5.9177647e-01
   5.1147374e+04   5.9257156e-01
   5.1290045e+04   5.9313948e-01
   5.1432715e+04   5.9348024e-01
   5.1575386e+04   5.9370741e-01
   5.1718056e+04   5.9404816e-01
   5.1860727e+04   5.9427533e-01
   5.2003397e+04   5.9461608e-01
   5.2146068e+04   5.9495684e-01
   5.2288738e+04   5.9541118e-01
   5.2431409e+04   5.9563835e-01
   5.2574079e+04   5.9575193e-01
   5.2716750e+04   5.9631985e-01
   5.2859420e+04   5.9677419e-01
   5.3002091e+04   5.9688778e-01
   5.3144761e+04   5.9734212e-01
   5.3287432e+04   5.9791004e-01
   5.3430102e+04   5.9859155e-01
   5.3572773e+04   5.9870513e-01
   5.3715443e+04   5.9904589e-01
   5.3858114e+04   5.9927306e-01
   5.4000784e+04   5.9995457e-01
   5.4143455e+04   6.0086324e-01
   5.4286125e+04   6.0143117e-01
   5.4428796e+04   6.0154475e-01
   5.4571466e+04   6.0165834e-01
   5.4714137e+04   6.0222626e-01
   5.4856807e+04   6.0313494e-01
   5.4999478e+04   6.0347569e-01
   5.5142148e+04   6.0370286e-01
   5.5284819e+04   6.0404362e-01
   5.5427489e+04   6.0415720e-01
   5.5570160e+04   6.0495229e-01
   5.5712830e+04   6.0540663e-01
   5.5855501e+04   6.0574739e-01
   5.5998171e+04   6.0642890e-01
   5.6140842e+04   6.0699682e-01
   5.6283512e+04   6.0745116e-01
   5.6426183e+04   6.0790550e-01
   5.6568853e+04   6.0824625e-01
   5.6711524e+04   6.0881418e-01
   5.6854194e+04   6.0960927e-01
   5.6996865e+04   6.0995002e-01
   5.7139535e+04   6.1040436e-01
   5.7282206e+04   6.1063153e-01
   5.7424876e+04   6.1119945e-01
   5.7567547e+04   6.1142662e-01
   5.7710217e+04   6.1199455e-01
   5.7852888e+04   6.1222172e-01
   5.7995558e+04   6.1244889e-01
   5.8138229e+04   6.1278964e-01
   5.8280899e+04   6.1290323e-01
   5.8423570e+04   6.1324398e-01
   5.8566240e+04   6.1358473e-01
   5.8708911e+04   6.1392549e-01
   5.8851581e+04   6.1403907e-01
   5.8994252e+04   6.1506134e-01
   5.9136922e+04   6.1517492e-01
   5.9279593e+04   6.1562926e-01
   5.9564934e+04   6.1574284e-01
   5.9707604e+04   6.1585643e-01
   5.9850275e+04   6.1619718e-01
   5.9992945e+04   6.1642435e-01
   6.0135616e+04   6.1676511e-01
   6.0278286e+04   6.1767378e-01
   6.0420957e+04   6.1778737e-01
   6.0563627e+04   6.1812812e-01
   6.0706298e+04   6.1880963e-01
   6.0848968e+04   6.1892322e-01
   6.0991639e+04   6.1937756e-01
   6.1134309e+04   6.1960473e-01
   6.1276980e+04   6.1971831e-01
   6.1419650e+04   6.2005906e-01
   6.1562321e+04   6.2028623e-01
   6.1847662e+04   6.2108133e-01
   6.1990332e+04   6.2142208e-01
   6.2133003e+04   6.2187642e-01
   6.2275673e+04   6.2221717e-01
   6.2418344e+04   6.2255793e-01
   6.2561014e+04   6.2301227e-01
   6.2703685e+04   6.2323944e-01
   6.2846355e+04   6.2358019e-01
   6.2989026e+04   6.2392095e-01
   6.3131696e+04   6.2448887e-01
   6.3274367e+04   6.2494321e-01
   6.3417037e+04   6.2551113e-01
   6.3559708e+04   6.2607905e-01
   6.3702378e+04   6.2619264e-01
   6.3845049e+04   6.2630622e-01
   6.3987719e+04   6.2710132e-01
   6.4130390e+04   6.2755566e-01
   6.4273060e+04   6.2778283e-01
   6.4415731e+04   6.2801000e-01
   6.4558401e+04   6.2823716e-01
   6.4701072e+04   6.2869150e-01
   6.4843742e+04   6.2925943e-01
   6.4986413e+04   6.2994094e-01
   6.5129083e+04   6.3016811e-01
   6.5271754e+04   6.3062244e-01
   6.5414424e+04   6.3141754e-01
   6.5557095e+04   6.3164471e-01
   6.5699765e+04   6.3198546e-01
   6.5842436e+04   6.3243980e-01
   6.5985106e+04   6.3300772e-01
   6.6127777e+04   6.3323489e-01
   6.6270447e+04   6.3368923e-01
   6.6413118e+04   6.3402999e-01
   6.6555788e+04   6.3471149e-01
   6.6698459e+04   6.3505225e-01
   6.6841129e+04   6.3527942e-01
   6.6983800e+04   6.3562017e-01
   6.7126470e+04   6.3584734e-01
   6.7269141e+04   6.3596093e-01
   6.7411811e+04   6.3618810e-01
   6.7554482e+04   6.3664244e-01
   6.7697152e+04   6.3675602e-01
   6.7839823e+04   6.3686960e-01
   6.7982493e+04   6.3709677e-01
   6.8125164e+04   6.3732394e-01
   6.8267834e+04   6.3743753e-01
   6.8410505e+04   6.3800545e-01
   6.8553175e+04   6.3811904e-01
   6.8695846e+04   6.3834621e-01
   6.8838516e+04   6.3868696e-01
   6.8981187e+04   6.3902771e-01
   6.9123857e+04   6.3948205e-01
   6.9266528e+04   6.3993639e-01
   6.9409198e+04   6.4016356e-01
   6.9551869e+04   6.4061790e-01
   6.9694539e+04   6.4073149e-01
   6.9837210e+04   6.4118582e-01
   6.9979880e+04   6.4175375e-01
   7.0122551e+04   6.4186733e-01
   7.0265221e+04   6.4209450e-01
   7.0407892e+04   6.4266243e-01
   7.0550562e+04   6.4288960e-01
   7.0693233e+04   6.4300318e-01
   7.0835903e+04   6.4311677e-01
   7.0978574e+04   6.4368469e-01
   7.1121244e+04   6.4379827e-01
   7.1263915e+04   6.4402544e-01
   7.1406585e+04   6.4436620e-01
   7.1549256e+04   6.4504771e-01
   7.1691926e+04   6.4527488e-01
   7.1834597e+04   6.4572921e-01
   7.1977267e+04   6.4584280e-01
   7.2262608e+04   6.4618355e-01
   7.2405279e+04   6.4641072e-01
   7.2547949e+04   6.4686506e-01
   7.2690620e+04   6.4709223e-01
   7.2975961e+04   6.4754657e-01
   7.3118631e+04   6.4788732e-01
   7.3261302e+04   6.4822808e-01
   7.3403972e+04   6.4856883e-01
   7.3546643e+04   6.4879600e-01
   7.3689313e+04   6.4913676e-01
   7.3831984e+04   6.4947751e-01
   7.3974654e+04   6.4970468e-01
   7.4259995e+04   6.5004543e-01
   7.4402666e+04   6.5015902e-01
   7.4545336e+04   6.5072694e-01
   7.4688007e+04   6.5095411e-01
   7.4973348e+04   6.5163562e-01
   7.5116018e+04   6.5174920e-01
   7.5258689e+04   6.5186279e-01
   7.5401359e+04   6.5220354e-01
   7.5544030e+04   6.5299864e-01
   7.5686700e+04   6.5345298e-01
   7.5972041e+04   6.5368015e-01
   7.6114712e+04   6.5413448e-01
   7.6257382e+04   6.5436165e-01
   7.6400053e+04   6.5481599e-01
   7.6828064e+04   6.5538392e-01
   7.6970735e+04   6.5561109e-01
   7.7113405e+04   6.5595184e-01
   7.7256076e+04   6.5629259e-01
   7.7398746e+04   6.5640618e-01
   7.7541417e+04   6.5663335e-01
   7.7684087e+04   6.5674693e-01
   7.7826758e+04   6.5686052e-01
   7.7969428e+04   6.5720127e-01
   7.8112099e+04   6.5742844e-01
   7.8254769e+04   6.5754203e-01
   7.8397440e+04   6.5776920e-01
   7.8540110e+04   6.5810995e-01
   7.8825451e+04   6.5845070e-01
   7.8968122e+04   6.5867787e-01
   7.9110792e+04   6.5890504e-01
   7.9253463e+04   6.5947297e-01
   7.9396133e+04   6.5970014e-01
   7.9538804e+04   6.5992731e-01
   7.9824145e+04   6.6004089e-01
   7.9966815e+04   6.6049523e-01
   8.0109486e+04   6.6106315e-01
   8.0252156e+04   6.6163108e-01
   8.0680168e+04   6.6197183e-01
   8.0822838e+04   6.6253975e-01
   8.0965509e+04   6.6288051e-01
   8.1108179e+04   6.6310768e-01
   8.1250850e+04   6.6333485e-01
   8.1393520e+04   6.6344843e-01
   8.1536191e+04   6.6367560e-01
   8.1678861e+04   6.6412994e-01
   8.1821532e+04   6.6435711e-01
   8.1964202e+04   6.6447070e-01
   8.2106873e+04   6.6458428e-01
   8.2249543e+04   6.6469786e-01
   8.2392214e+04   6.6492503e-01
   8.2534884e+04   6.6526579e-01
   8.2677555e+04   6.6560654e-01
   8.2820225e+04   6.6606088e-01
   8.2962896e+04   6.6617447e-01
   8.3533578e+04   6.6628805e-01
   8.3676248e+04   6.6674239e-01
   8.3818919e+04   6.6742390e-01
   8.3961589e+04   6.6787824e-01
   8.4104260e+04   6.6799182e-01
   8.4246930e+04   6.6821899e-01
   8.4389601e+04   6.6844616e-01
   8.4532271e+04   6.6890050e-01
   8.4960283e+04   6.6901408e-01
   8.5102953e+04   6.6924125e-01
   8.5245624e+04   6.6992276e-01
   8.5388294e+04   6.7014993e-01
   8.5530965e+04   6.7037710e-01
   8.5673635e+04   6.7049069e-01
   8.5816306e+04   6.7071786e-01
   8.5958976e+04   6.7128578e-01
   8.6101647e+04   6.7139936e-01
   8.6244317e+04   6.7162653e-01
   8.6386988e+04   6.7174012e-01
   8.6672329e+04   6.7196729e-01
   8.6814999e+04   6.7219446e-01
   8.6957670e+04   6.7276238e-01
   8.7100340e+04   6.7298955e-01
   8.7243011e+04   6.7310313e-01
   8.7385681e+04   6.7344389e-01
   8.7671022e+04   6.7355747e-01
   8.7813693e+04   6.7389823e-01
   8.7956363e+04   6.7401181e-01
   8.8241704e+04   6.7446615e-01
   8.8384375e+04   6.7480691e-01
   8.8669716e+04   6.7514766e-01
   8.8812386e+04   6.7537483e-01
   8.8955057e+04   6.7571558e-01
   8.9097727e+04   6.7582917e-01
   8.9240398e+04   6.7605634e-01
   8.9383068e+04   6.7651068e-01
   8.9525739e+04   6.7685143e-01
   8.9668409e+04   6.7753294e-01
   8.9811080e+04   6.7798728e-01
   8.9953750e+04   6.7855520e-01
   9.0239091e+04   6.7889596e-01
   9.0524432e+04   6.7900954e-01
   9.0667103e+04   6.7912313e-01
   9.0809773e+04   6.7935030e-01
   9.0952444e+04   6.7969105e-01
   9.1095114e+04   6.7980463e-01
   9.1237785e+04   6.8014539e-01
   9.1380455e+04   6.8037256e-01
   9.1523126e+04   6.8071331e-01
   9.1665796e+04   6.8128124e-01
   9.1808467e+04   6.8139482e-01
   9.1951137e+04   6.8150841e-01
   9.2093808e+04   6.8162199e-01
   9.2236478e+04   6.8184916e-01
   9.2379149e+04   6.8207633e-01
   9.2521819e+04   6.8218991e-01
   9.2664490e+04   6.8230350e-01
   9.2807160e+04   6.8253067e-01
   9.2949831e+04   6.8275784e-01
   9.3092501e+04   6.8298501e-01
   9.3235172e+04   6.8309859e-01
   9.3377842e+04   6.8321218e-01
   9.3663183e+04   6.8355293e-01
   9.3805854e+04   6.8389368e-01
   9.3948524e+04   6.8412085e-01
   9.4091195e+04   6.8423444e-01
   9.4519206e+04   6.8434802e-01
   9.4661877e+04   6.8457519e-01
   9.4804547e+04   6.8468878e-01
   9.4947218e+04   6.8502953e-01
   9.5089888e+04   6.8525670e-01
   9.5232559e+04   6.8548387e-01
   9.5375229e+04   6.8582463e-01
   9.5660570e+04   6.8593821e-01
   9.5803241e+04   6.8605179e-01
   9.5945911e+04   6.8616538e-01
   9.6231252e+04   6.8661972e-01
   9.6373923e+04   6.8684689e-01
   9.6516593e+04   6.8696047e-01
   9.6659264e+04   6.8730123e-01
   9.6801934e+04   6.8741481e-01
   9.6944605e+04   6.8820990e-01
   9.7087275e+04   6.8843707e-01
   9.7229946e+04   6.8855066e-01
   9.7372616e+04   6.8889141e-01
   9.7515287e+04   6.8911858e-01
   9.7800628e+04   6.8923217e-01
   9.7943298e+04   6.8945934e-01
   9.8085969e+04   6.8968651e-01
   9.8228639e+04   6.8980009e-01
   9.8371310e+04   6.9025443e-01
   9.8513980e+04   6.9059518e-01
   9.8656651e+04   6.9104952e-01
   9.8799321e+04   6.9127669e-01
   9.8941992e+04   6.9161745e-01
   9.9084662e+04   6.9207179e-01
   9.9227333e+04   6.9252612e-01
   9.9370003e+04   6.9286688e-01
   9.9512674e+04   6.9320763e-01
   9.9655344e+04   6.9343480e-01
   9.9798015e+04   6.9366197e-01
   9.9940685e+04   6.9388914e-01
   1.0008336e+05   6.9400273e-01
   1.0022603e+05   6.9411631e-01
   1.0036870e+05   6.9434348e-01
   1.0051137e+05   6.9457065e-01
   1.0065404e+05   6.9479782e-01
   1.0079671e+05   6.9491140e-01
   1.0108205e+05   6.9525216e-01
   1.0122472e+05   6.9536574e-01
   1.0136739e+05   6.9559291e-01
   1.0151006e+05   6.9570650e-01
   1.0165273e+05   6.9593367e-01
   1.0179540e+05   6.9638801e-01
   1.0208074e+05   6.9684234e-01
   1.0222341e+05   6.9695593e-01
   1.0236608e+05   6.9718310e-01
   1.0279410e+05   6.9741027e-01
   1.0293677e+05   6.9786461e-01
   1.0307944e+05   6.9809178e-01
   1.0322211e+05   6.9831895e-01
   1.0336478e+05   6.9854612e-01
   1.0350745e+05   6.9865970e-01
   1.0365012e+05   6.9888687e-01
   1.0379279e+05   6.9922762e-01
   1.0393546e+05   6.9956838e-01
   1.0407813e+05   7.0002272e-01
   1.0422080e+05   7.0024989e-01
   1.0450614e+05   7.0036347e-01
   1.0479148e+05   7.0070423e-01
   1.0493415e+05   7.0115856e-01
   1.0521949e+05   7.0138573e-01
   1.0536216e+05   7.0161290e-01
   1.0550483e+05   7.0206724e-01
   1.0564751e+05   7.0229441e-01
   1.0593285e+05   7.0274875e-01
   1.0607552e+05   7.0286234e-01
   1.0621819e+05   7.0308950e-01
   1.0636086e+05   7.0343026e-01
   1.0650353e+05   7.0365743e-01
   1.0664620e+05   7.0388460e-01
   1.0693154e+05   7.0422535e-01
   1.0721688e+05   7.0445252e-01
   1.0778756e+05   7.0479328e-01
   1.0793023e+05   7.0502045e-01
   1.0850092e+05   7.0536120e-01
   1.0864359e+05   7.0558837e-01
   1.0878626e+05   7.0581554e-01
   1.0892893e+05   7.0592912e-01
   1.0907160e+05   7.0604271e-01
   1.0921427e+05   7.0615629e-01
   1.0935694e+05   7.0649705e-01
   1.0949961e+05   7.0683780e-01
   1.0964228e+05   7.0706497e-01
   1.0992762e+05   7.0751931e-01
   1.1007029e+05   7.0774648e-01
   1.1049830e+05   7.0808723e-01
   1.1064097e+05   7.0820082e-01
   1.1078364e+05   7.0854157e-01
   1.1092631e+05   7.0865516e-01
   1.1106898e+05   7.0876874e-01
   1.1121165e+05   7.0899591e-01
   1.1135433e+05   7.0910950e-01
   1.1178234e+05   7.0922308e-01
   1.1192501e+05   7.0945025e-01
   1.1206768e+05   7.0967742e-01
   1.1235302e+05   7.0990459e-01
   1.1249569e+05   7.1013176e-01
   1.1263836e+05   7.1035893e-01
   1.1278103e+05   7.1058610e-01
   1.1320904e+05   7.1092685e-01
   1.1335171e+05   7.1104044e-01
   1.1349438e+05   7.1126761e-01
   1.1363705e+05   7.1138119e-01
   1.1377972e+05   7.1149478e-01
   1.1392239e+05   7.1172194e-01
   1.1420774e+05   7.1194911e-01
   1.1449308e+05   7.1228987e-01
   1.1477842e+05   7.1263062e-01
   1.1492109e+05   7.1274421e-01
   1.1506376e+05   7.1297138e-01
   1.1520643e+05   7.1319855e-01
   1.1534910e+05   7.1331213e-01
   1.1549177e+05   7.1353930e-01
   1.1563444e+05   7.1365289e-01
   1.1577711e+05   7.1388005e-01
   1.1591978e+05   7.1399364e-01
   1.1606245e+05   7.1422081e-01
   1.1620512e+05   7.1433439e-01
   1.1634779e+05   7.1444798e-01
   1.1649046e+05   7.1456156e-01
   1.1663313e+05   7.1467515e-01
   1.1677580e+05   7.1490232e-01
   1.1691847e+05   7.1524307e-01
   1.1706115e+05   7.1535666e-01
   1.1720382e+05   7.1581100e-01
   1.1748916e+05   7.1592458e-01
   1.1777450e+05   7.1603816e-01
   1.1791717e+05   7.1626533e-01
   1.1805984e+05   7.1649250e-01
   1.1820251e+05   7.1671967e-01
   1.1848785e+05   7.1706043e-01
   1.1877319e+05   7.1751477e-01
   1.1891586e+05   7.1762835e-01
   1.1905853e+05   7.1796910e-01
   1.1920120e+05   7.1819627e-01
   1.1934387e+05   7.1842344e-01
   1.1948654e+05   7.1853703e-01
   1.2005723e+05   7.1887778e-01
   1.2034257e+05   7.1899137e-01
   1.2048524e+05   7.1910495e-01
   1.2062791e+05   7.1933212e-01
   1.2077058e+05   7.1967288e-01
   1.2091325e+05   7.1978646e-01
   1.2105592e+05   7.2012721e-01
   1.2119859e+05   7.2046797e-01
   1.2134126e+05   7.2058155e-01
   1.2148393e+05   7.2092231e-01
   1.2162660e+05   7.2103589e-01
   1.2176927e+05   7.2126306e-01
   1.2191194e+05   7.2149023e-01
   1.2205461e+05   7.2194457e-01
   1.2219728e+05   7.2205816e-01
   1.2233995e+05   7.2228532e-01
   1.2248262e+05   7.2239891e-01
   1.2276797e+05   7.2262608e-01
   1.2291064e+05   7.2273966e-01
   1.2305331e+05   7.2296683e-01
   1.2319598e+05   7.2330759e-01
   1.2333865e+05   7.2353476e-01
   1.2348132e+05   7.2364834e-01
   1.2362399e+05   7.2387551e-01
   1.2376666e+05   7.2398910e-01
   1.2390933e+05   7.2410268e-01
   1.2405200e+05   7.2432985e-01
   1.2419467e+05   7.2455702e-01
   1.2433734e+05   7.2467060e-01
   1.2448001e+05   7.2489777e-01
   1.2462268e+05   7.2523853e-01
   1.2476535e+05   7.2546570e-01
   1.2505069e+05   7.2557928e-01
   1.2519336e+05   7.2580645e-01
   1.2533603e+05   7.2592004e-01
   1.2562138e+05   7.2614721e-01
   1.2576405e+05   7.2637438e-01
   1.2590672e+05   7.2660154e-01
   1.2619206e+05   7.2682871e-01
   1.2690541e+05   7.2694230e-01
   1.2719075e+05   7.2705588e-01
   1.2733342e+05   7.2716947e-01
   1.2747609e+05   7.2728305e-01
   1.2761876e+05   7.2739664e-01
   1.2776143e+05   7.2762381e-01
   1.2790410e+05   7.2773739e-01
   1.2804677e+05   7.2785098e-01
   1.2818944e+05   7.2819173e-01
   1.2861746e+05   7.2830532e-01
   1.2876013e+05   7.2875965e-01
   1.2890280e+05   7.2898682e-01
   1.2904547e+05   7.2921399e-01
   1.2918814e+05   7.2966833e-01
   1.2933081e+05   7.3000909e-01
   1.2947348e+05   7.3034984e-01
   1.3004416e+05   7.3046343e-01
   1.3061484e+05   7.3057701e-01
   1.3075751e+05   7.3080418e-01
   1.3090018e+05   7.3091776e-01
   1.3104285e+05   7.3137210e-01
   1.3132820e+05   7.3159927e-01
   1.3161354e+05   7.3171286e-01
   1.3175621e+05   7.3205361e-01
   1.3204155e+05   7.3228078e-01
   1.3218422e+05   7.3239437e-01
   1.3232689e+05   7.3262154e-01
   1.3246956e+05   7.3296229e-01
   1.3261223e+05   7.3318946e-01
   1.3289757e+05   7.3330304e-01
   1.3304024e+05   7.3353021e-01
   1.3332558e+05   7.3364380e-01
   1.3346825e+05   7.3375738e-01
   1.3361092e+05   7.3387097e-01
   1.3375359e+05   7.3409814e-01
   1.3403893e+05   7.3421172e-01
   1.3432428e+05   7.3432531e-01
   1.3475229e+05   7.3443889e-01
   1.3489496e+05   7.3466606e-01
   1.3546564e+05   7.3489323e-01
   1.3560831e+05   7.3534757e-01
   1.3575098e+05   7.3546115e-01
   1.3589365e+05   7.3568832e-01
   1.3603632e+05   7.3580191e-01
   1.3617899e+05   7.3602908e-01
   1.3632166e+05   7.3625625e-01
   1.3646433e+05   7.3636983e-01
   1.3674967e+05   7.3648342e-01
   1.3689234e+05   7.3671059e-01
   1.3703502e+05   7.3693776e-01
   1.3746303e+05   7.3716493e-01
   1.3760570e+05   7.3739209e-01
   1.3774837e+05   7.3750568e-01
   1.3789104e+05   7.3761926e-01
   1.3803371e+05   7.3773285e-01
   1.3817638e+05   7.3784643e-01
   1.3831905e+05   7.3807360e-01
   1.3860439e+05   7.3818719e-01
   1.3888973e+05   7.3830077e-01
   1.3903240e+05   7.3852794e-01
   1.3931774e+05   7.3875511e-01
   1.3946041e+05   7.3886870e-01
   1.3960308e+05   7.3909587e-01
   1.3974575e+05   7.3932303e-01
   1.4017377e+05   7.3943662e-01
   1.4088712e+05   7.3955020e-01
   1.4145780e+05   7.3977737e-01
   1.4160047e+05   7.3989096e-01
   1.4174314e+05   7.4034530e-01
   1.4188581e+05   7.4045888e-01
   1.4217115e+05   7.4057247e-01
   1.4231382e+05   7.4068605e-01
   1.4245649e+05   7.4091322e-01
   1.4259916e+05   7.4102681e-01
   1.4288451e+05   7.4114039e-01
   1.4302718e+05   7.4125398e-01
   1.4345519e+05   7.4136756e-01
   1.4359786e+05   7.4159473e-01
   1.4374053e+05   7.4170831e-01
   1.4402587e+05   7.4204907e-01
   1.4459655e+05   7.4216265e-01
   1.4488189e+05   7.4227624e-01
   1.4502456e+05   7.4250341e-01
   1.4516723e+05   7.4273058e-01
   1.4559525e+05   7.4284416e-01
   1.4573792e+05   7.4318492e-01
   1.4588059e+05   7.4329850e-01
   1.4602326e+05   7.4341209e-01
   1.4659394e+05   7.4363925e-01
   1.4687928e+05   7.4386642e-01
   1.4716462e+05   7.4420718e-01
   1.4744996e+05   7.4443435e-01
   1.4802064e+05   7.4466152e-01
   1.4830598e+05   7.4477510e-01
   1.4844866e+05   7.4500227e-01
   1.4859133e+05   7.4522944e-01
   1.4873400e+05   7.4568378e-01
   1.4901934e+05   7.4579736e-01
   1.4916201e+05   7.4613812e-01
   1.4959002e+05   7.4625170e-01
   1.4973269e+05   7.4681963e-01
   1.4987536e+05   7.4693321e-01
   1.5001803e+05   7.4716038e-01
   1.5030337e+05   7.4727397e-01
   1.5058871e+05   7.4761472e-01
   1.5073138e+05   7.4784189e-01
   1.5101672e+05   7.4795547e-01
   1.5115939e+05   7.4818264e-01
   1.5158741e+05   7.4829623e-01
   1.5187275e+05   7.4840981e-01
   1.5201542e+05   7.4852340e-01
   1.5215809e+05   7.4886415e-01
   1.5244343e+05   7.4920491e-01
   1.5258610e+05   7.4931849e-01
   1.5272877e+05   7.4954566e-01
   1.5287144e+05   7.4965925e-01
   1.5301411e+05   7.4988642e-01
   1.5315678e+05   7.5000000e-01
   1.5329945e+05   7.5022717e-01
   1.5344212e+05   7.5034075e-01
   1.5358479e+05   7.5045434e-01
   1.5387013e+05   7.5056792e-01
   1.5415548e+05   7.5090868e-01
   1.5444082e+05   7.5102226e-01
   1.5458349e+05   7.5136302e-01
   1.5472616e+05   7.5147660e-01
   1.5486883e+05   7.5159019e-01
   1.5501150e+05   7.5170377e-01
   1.5515417e+05   7.5181736e-01
   1.5529684e+05   7.5193094e-01
   1.5543951e+05   7.5204453e-01
   1.5572485e+05   7.5215811e-01
   1.5586752e+05   7.5227169e-01
   1.5601019e+05   7.5238528e-01
   1.5615286e+05   7.5249886e-01
   1.5629553e+05   7.5261245e-01
   1.5643820e+05   7.5272603e-01
   1.5686621e+05   7.5283962e-01
   1.5700889e+05   7.5295320e-01
   1.5729423e+05   7.5306679e-01
   1.5743690e+05   7.5318037e-01
   1.5757957e+05   7.5329396e-01
   1.5772224e+05   7.5352113e-01
   1.5815025e+05   7.5374830e-01
   1.5843559e+05   7.5408905e-01
   1.5872093e+05   7.5431622e-01
   1.5900627e+05   7.5442980e-01
   1.5929161e+05   7.5454339e-01
   1.5971962e+05   7.5465697e-01
   1.6000497e+05   7.5488414e-01
   1.6014764e+05   7.5511131e-01
   1.6029031e+05   7.5522490e-01
   1.6057565e+05   7.5545207e-01
   1.6071832e+05   7.5556565e-01
   1.6086099e+05   7.5579282e-01
   1.6100366e+05   7.5613358e-01
   1.6114633e+05   7.5636075e-01
   1.6143167e+05   7.5647433e-01
   1.6157434e+05   7.5658791e-01
   1.6171701e+05   7.5670150e-01
   1.6200235e+05   7.5704225e-01
   1.6214502e+05   7.5726942e-01
   1.6228769e+05   7.5738301e-01
   1.6243036e+05   7.5749659e-01
   1.6257303e+05   7.5761018e-01
   1.6271571e+05   7.5772376e-01
   1.6285838e+05   7.5783735e-01
   1.6314372e+05   7.5806452e-01
   1.6328639e+05   7.5817810e-01
   1.6371440e+05   7.5840527e-01
   1.6385707e+05   7.5851886e-01
   1.6399974e+05   7.5863244e-01
   1.6414241e+05   7.5874602e-01
   1.6428508e+05   7.5885961e-01
   1.6471309e+05   7.5920036e-01
   1.6499843e+05   7.5931395e-01
   1.6528377e+05   7.5942753e-01
   1.6542644e+05   7.5954112e-01
   1.6628247e+05   7.5976829e-01
   1.6642514e+05   7.5988187e-01
   1.6656781e+05   7.6022263e-01
   1.6671048e+05   7.6044980e-01
   1.6713849e+05   7.6067697e-01
   1.6728116e+05   7.6090413e-01
   1.6742383e+05   7.6113130e-01
   1.6756650e+05   7.6124489e-01
   1.6770917e+05   7.6135847e-01
   1.6799451e+05   7.6169923e-01
   1.6813718e+05   7.6181281e-01
   1.6870787e+05   7.6203998e-01
   1.6885054e+05   7.6226715e-01
   1.6899321e+05   7.6238074e-01
   1.6913588e+05   7.6260791e-01
   1.6927855e+05   7.6272149e-01
   1.6956389e+05   7.6294866e-01
   1.6970656e+05   7.6306224e-01
   1.6984923e+05   7.6328941e-01
   1.7013457e+05   7.6340300e-01
   1.7027724e+05   7.6351658e-01
   1.7041991e+05   7.6363017e-01
   1.7070525e+05   7.6374375e-01
   1.7084792e+05   7.6385734e-01
   1.7113326e+05   7.6397092e-01
   1.7127594e+05   7.6408451e-01
   1.7156128e+05   7.6442526e-01
   1.7198929e+05   7.6453885e-01
   1.7213196e+05   7.6465243e-01
   1.7241730e+05   7.6476602e-01
   1.7270264e+05   7.6499318e-01
   1.7284531e+05   7.6522035e-01
   1.7298798e+05   7.6544752e-01
   1.7327332e+05   7.6567469e-01
   1.7370133e+05   7.6578828e-01
   1.7412935e+05   7.6601545e-01
   1.7427202e+05   7.6612903e-01
   1.7455736e+05   7.6624262e-01
   1.7484270e+05   7.6635620e-01
   1.7498537e+05   7.6646979e-01
   1.7512804e+05   7.6669696e-01
   1.7527071e+05   7.6681054e-01
   1.7555605e+05   7.6692413e-01
   1.7569872e+05   7.6715129e-01
   1.7584139e+05   7.6737846e-01
   1.7612673e+05   7.6749205e-01
   1.7626940e+05   7.6760563e-01
   1.7655474e+05   7.6771922e-01
   1.7669741e+05   7.6783280e-01
   1.7684008e+05   7.6794639e-01
   1.7698276e+05   7.6817356e-01
   1.7712543e+05   7.6840073e-01
   1.7741077e+05   7.6851431e-01
   1.7783878e+05   7.6862790e-01
   1.7798145e+05   7.6874148e-01
   1.7826679e+05   7.6908224e-01
   1.7840946e+05   7.6953657e-01
   1.7869480e+05   7.6976374e-01
   1.7898014e+05   7.6999091e-01
   1.7912281e+05   7.7055884e-01
   1.7926548e+05   7.7067242e-01
   1.7940815e+05   7.7101318e-01
   1.7969349e+05   7.7112676e-01
   1.7983617e+05   7.7124035e-01
   1.7997884e+05   7.7146751e-01
   1.8083486e+05   7.7169468e-01
   1.8097753e+05   7.7180827e-01
   1.8126287e+05   7.7203544e-01
   1.8169088e+05   7.7214902e-01
   1.8183355e+05   7.7226261e-01
   1.8240423e+05   7.7237619e-01
   1.8254690e+05   7.7260336e-01
   1.8268958e+05   7.7283053e-01
   1.8283225e+05   7.7294412e-01
   1.8297492e+05   7.7305770e-01
   1.8311759e+05   7.7317129e-01
   1.8326026e+05   7.7328487e-01
   1.8354560e+05   7.7351204e-01
   1.8383094e+05   7.7373921e-01
   1.8397361e+05   7.7385279e-01
   1.8425895e+05   7.7407996e-01
   1.8440162e+05   7.7419355e-01
   1.8454429e+05   7.7430713e-01
   1.8468696e+05   7.7442072e-01
   1.8511497e+05   7.7453430e-01
   1.8525764e+05   7.7487506e-01
   1.8554299e+05   7.7510223e-01
   1.8611367e+05   7.7521581e-01
   1.8654168e+05   7.7532940e-01
   1.8668435e+05   7.7567015e-01
   1.8682702e+05   7.7578373e-01
   1.8711236e+05   7.7612449e-01
   1.8725503e+05   7.7623807e-01
   1.8739770e+05   7.7635166e-01
   1.8754037e+05   7.7657883e-01
   1.8768304e+05   7.7669241e-01
   1.8782571e+05   7.7680600e-01
   1.8853907e+05   7.7691958e-01
   1.8910975e+05   7.7703317e-01
   1.8939509e+05   7.7714675e-01
   1.8982310e+05   7.7726034e-01
   1.9025111e+05   7.7737392e-01
   1.9039378e+05   7.7748751e-01
   1.9110713e+05   7.7760109e-01
   1.9124981e+05   7.7771468e-01
   1.9139248e+05   7.7782826e-01
   1.9167782e+05   7.7805543e-01
   1.9210583e+05   7.7816901e-01
   1.9253384e+05   7.7828260e-01
   1.9296185e+05   7.7862335e-01
   1.9310452e+05   7.7907769e-01
   1.9338986e+05   7.7930486e-01
   1.9381787e+05   7.7964562e-01
   1.9396054e+05   7.7998637e-01
   1.9424589e+05   7.8021354e-01
   1.9438856e+05   7.8044071e-01
   1.9453123e+05   7.8055429e-01
   1.9467390e+05   7.8066788e-01
   1.9481657e+05   7.8089505e-01
   1.9510191e+05   7.8100863e-01
   1.9538725e+05   7.8112222e-01
   1.9567259e+05   7.8123580e-01
   1.9595793e+05   7.8146297e-01
   1.9638594e+05   7.8157656e-01
   1.9681395e+05   7.8169014e-01
   1.9738464e+05   7.8180373e-01
   1.9752731e+05   7.8191731e-01
   1.9766998e+05   7.8237165e-01
   1.9781265e+05   7.8248523e-01
   1.9795532e+05   7.8259882e-01
   1.9809799e+05   7.8271240e-01
   1.9824066e+05   7.8293957e-01
   1.9838333e+05   7.8305316e-01
   1.9895401e+05   7.8316674e-01
   1.9981004e+05   7.8328033e-01
   1.9995271e+05   7.8339391e-01
   2.0009538e+05   7.8350750e-01
   2.0023805e+05   7.8396184e-01
   2.0038072e+05   7.8418900e-01
   2.0066606e+05   7.8430259e-01
   2.0080873e+05   7.8441617e-01
   2.0095140e+05   7.8452976e-01
   2.0123674e+05   7.8464334e-01
   2.0166475e+05   7.8475693e-01
   2.0195009e+05   7.8487051e-01
   2.0280612e+05   7.8509768e-01
   2.0294879e+05   7.8521127e-01
   2.0337680e+05   7.8532485e-01
   2.0351947e+05   7.8543844e-01
   2.0366214e+05   7.8555202e-01
   2.0380481e+05   7.8566561e-01
   2.0409015e+05   7.8577919e-01
   2.0451816e+05   7.8600636e-01
   2.0466083e+05   7.8611995e-01
   2.0480350e+05   7.8646070e-01
   2.0494617e+05   7.8657428e-01
   2.0523151e+05   7.8668787e-01
   2.0537418e+05   7.8680145e-01
   2.0551686e+05   7.8691504e-01
   2.0594487e+05   7.8702862e-01
   2.0608754e+05   7.8736938e-01
   2.0651555e+05   7.8748296e-01
   2.0694356e+05   7.8771013e-01
   2.0708623e+05   7.8782372e-01
   2.0765691e+05   7.8793730e-01
   2.0779958e+05   7.8805089e-01
   2.0794225e+05   7.8816447e-01
   2.0808492e+05   7.8850522e-01
   2.0837027e+05   7.8861881e-01
   2.0936896e+05   7.8895956e-01
   2.0979697e+05   7.8918673e-01
   2.0993964e+05   7.8930032e-01
   2.1036765e+05   7.8941390e-01
   2.1065299e+05   7.8964107e-01
   2.1122368e+05   7.8975466e-01
   2.1136635e+05   7.8986824e-01
   2.1150902e+05   7.9009541e-01
   2.1165169e+05   7.9020900e-01
   2.1179436e+05   7.9032258e-01
   2.1193703e+05   7.9043617e-01
   2.1250771e+05   7.9066333e-01
   2.1279305e+05   7.9077692e-01
   2.1293572e+05   7.9100409e-01
   2.1336373e+05   7.9111767e-01
   2.1364907e+05   7.9123126e-01
   2.1421976e+05   7.9134484e-01
   2.1493311e+05   7.9145843e-01
   2.1521845e+05   7.9157201e-01
   2.1550379e+05   7.9179918e-01
   2.1564646e+05   7.9213994e-01
   2.1593180e+05   7.9225352e-01
   2.1621714e+05   7.9236711e-01
   2.1635981e+05   7.9248069e-01
   2.1650248e+05   7.9270786e-01
   2.1664515e+05   7.9282144e-01
   2.1707317e+05   7.9304861e-01
   2.1721584e+05   7.9316220e-01
   2.1735851e+05   7.9327578e-01
   2.1750118e+05   7.9361654e-01
   2.1821453e+05   7.9373012e-01
   2.1892788e+05   7.9384371e-01
   2.1907055e+05   7.9395729e-01
   2.1921322e+05   7.9441163e-01
   2.1935589e+05   7.9452522e-01
   2.1964123e+05   7.9463880e-01
   2.2006925e+05   7.9475239e-01
   2.2021192e+05   7.9497955e-01
   2.2063993e+05   7.9509314e-01
   2.2078260e+05   7.9543389e-01
   2.2149595e+05   7.9554748e-01
   2.2163862e+05   7.9566106e-01
   2.2206663e+05   7.9577465e-01
   2.2235197e+05   7.9588823e-01
   2.2263732e+05   7.9600182e-01
   2.2306533e+05   7.9611540e-01
   2.2320800e+05   7.9622899e-01
   2.2392135e+05   7.9634257e-01
   2.2506271e+05   7.9656974e-01
   2.2534805e+05   7.9679691e-01
   2.2563340e+05   7.9702408e-01
   2.2577607e+05   7.9725125e-01
   2.2606141e+05   7.9747842e-01
   2.2620408e+05   7.9770559e-01
   2.2677476e+05   7.9781917e-01
   2.2706010e+05   7.9815993e-01
   2.2748811e+05   7.9827351e-01
   2.2763078e+05   7.9838710e-01
   2.2791612e+05   7.9861427e-01
   2.2805879e+05   7.9872785e-01
   2.2834414e+05   7.9884144e-01
   2.2948550e+05   7.9895502e-01
   2.2977084e+05   7.9906861e-01
   2.3048419e+05   7.9918219e-01
   2.3091220e+05   7.9929577e-01
   2.3105487e+05   7.9952294e-01
   2.3205357e+05   7.9963653e-01
   2.3233891e+05   7.9975011e-01
   2.3248158e+05   7.9986370e-01
   2.3319493e+05   7.9997728e-01
   2.3333760e+05   8.0009087e-01
   2.3348027e+05   8.0020445e-01
   2.3362294e+05   8.0031804e-01
   2.3405096e+05   8.0054521e-01
   2.3419363e+05   8.0065879e-01
   2.3447897e+05   8.0088596e-01
   2.3476431e+05   8.0099955e-01
   2.3490698e+05   8.0134030e-01
   2.3519232e+05   8.0156747e-01
   2.3547766e+05   8.0168105e-01
   2.3562033e+05   8.0190822e-01
   2.3619101e+05   8.0202181e-01
   2.3633368e+05   8.0213539e-01
   2.3647635e+05   8.0224898e-01
   2.3661902e+05   8.0236256e-01
   2.3676169e+05   8.0247615e-01
   2.3718971e+05   8.0258973e-01
   2.3747505e+05   8.0270332e-01
   2.3761772e+05   8.0293049e-01
   2.3776039e+05   8.0304407e-01
   2.3790306e+05   8.0338483e-01
   2.3833107e+05   8.0349841e-01
   2.3847374e+05   8.0361199e-01
   2.3861641e+05   8.0372558e-01
   2.3875908e+05   8.0383916e-01
   2.3947243e+05   8.0395275e-01
   2.4061380e+05   8.0406633e-01
   2.4075647e+05   8.0417992e-01
   2.4089914e+05   8.0429350e-01
   2.4118448e+05   8.0440709e-01
   2.4161249e+05   8.0463426e-01
   2.4204050e+05   8.0474784e-01
   2.4232584e+05   8.0486143e-01
   2.4261119e+05   8.0497501e-01
   2.4318187e+05   8.0508860e-01
   2.4360988e+05   8.0520218e-01
   2.4375255e+05   8.0542935e-01
   2.4403789e+05   8.0554294e-01
   2.4432323e+05   8.0565652e-01
   2.4446590e+05   8.0588369e-01
   2.4460857e+05   8.0599727e-01
   2.4489391e+05   8.0611086e-01
   2.4517925e+05   8.0622444e-01
   2.4574994e+05   8.0633803e-01
   2.4674863e+05   8.0645161e-01
   2.4731931e+05   8.0656520e-01
   2.4788999e+05   8.0667878e-01
   2.4817533e+05   8.0679237e-01
   2.4874602e+05   8.0690595e-01
   2.4888869e+05   8.0701954e-01
   2.4917403e+05   8.0713312e-01
   2.4931670e+05   8.0724671e-01
   2.4974471e+05   8.0747388e-01
   2.5017272e+05   8.0758746e-01
   2.5045806e+05   8.0781463e-01
   2.5074340e+05   8.0792821e-01
   2.5088607e+05   8.0804180e-01
   2.5102874e+05   8.0826897e-01
   2.5131409e+05   8.0838255e-01
   2.5174210e+05   8.0849614e-01
   2.5302613e+05   8.0872331e-01
   2.5345414e+05   8.0883689e-01
   2.5416750e+05   8.0895048e-01
   2.5431017e+05   8.0906406e-01
   2.5459551e+05   8.0917765e-01
   2.5473818e+05   8.0929123e-01
   2.5559420e+05   8.0951840e-01
   2.5587954e+05   8.0963199e-01
   2.5602221e+05   8.0985915e-01
   2.5659289e+05   8.1008632e-01
   2.5673556e+05   8.1019991e-01
   2.5702091e+05   8.1042708e-01
   2.5716358e+05   8.1054066e-01
   2.5787693e+05   8.1065425e-01
   2.5901829e+05   8.1088142e-01
   2.5944630e+05   8.1110859e-01
   2.5958897e+05   8.1122217e-01
   2.5987432e+05   8.1133576e-01
   2.6001699e+05   8.1144934e-01
   2.6030233e+05   8.1156293e-01
   2.6058767e+05   8.1167651e-01
   2.6101568e+05   8.1179010e-01
   2.6115835e+05   8.1213085e-01
   2.6201437e+05   8.1224443e-01
   2.6244238e+05   8.1235802e-01
   2.6272773e+05   8.1247160e-01
   2.6315574e+05   8.1269877e-01
   2.6358375e+05   8.1281236e-01
   2.6372642e+05   8.1303953e-01
   2.6401176e+05   8.1326670e-01
   2.6472511e+05   8.1338028e-01
   2.6515312e+05   8.1349387e-01
   2.6543847e+05   8.1360745e-01
   2.6586648e+05   8.1372104e-01
   2.6615182e+05   8.1383462e-01
   2.6643716e+05   8.1394821e-01
   2.6715051e+05   8.1417537e-01
   2.6729318e+05   8.1440254e-01
   2.6743585e+05   8.1462971e-01
   2.6772119e+05   8.1474330e-01
   2.6786386e+05   8.1485688e-01
   2.6843455e+05   8.1497047e-01
   2.6857722e+05   8.1508405e-01
   2.6871989e+05   8.1519764e-01
   2.6900523e+05   8.1531122e-01
   2.6914790e+05   8.1542481e-01
   2.6943324e+05   8.1553839e-01
   2.6957591e+05   8.1565198e-01
   2.7014659e+05   8.1576556e-01
   2.7028926e+05   8.1587915e-01
   2.7043193e+05   8.1610632e-01
   2.7071727e+05   8.1621990e-01
   2.7100261e+05   8.1633348e-01
   2.7185864e+05   8.1644707e-01
   2.7200131e+05   8.1656065e-01
   2.7228665e+05   8.1678782e-01
   2.7271466e+05   8.1701499e-01
   2.7328534e+05   8.1712858e-01
   2.7399870e+05   8.1724216e-01
   2.7428404e+05   8.1735575e-01
   2.7442671e+05   8.1769650e-01
   2.7456938e+05   8.1781009e-01
   2.7485472e+05   8.1792367e-01
   2.7514006e+05   8.1803726e-01
   2.7542540e+05   8.1815084e-01
   2.7571074e+05   8.1826443e-01
   2.7599608e+05   8.1837801e-01
   2.7628142e+05   8.1849159e-01
   2.7656676e+05   8.1860518e-01
   2.7670943e+05   8.1871876e-01
   2.7699478e+05   8.1883235e-01
   2.7713745e+05   8.1894593e-01
   2.7756546e+05   8.1905952e-01
   2.7870682e+05   8.1917310e-01
   2.7884949e+05   8.1928669e-01
   2.7913483e+05   8.1940027e-01
   2.7927750e+05   8.1951386e-01
   2.7942017e+05   8.1962744e-01
   2.7970552e+05   8.1974103e-01
   2.8027620e+05   8.1985461e-01
   2.8056154e+05   8.1996820e-01
   2.8098955e+05   8.2008178e-01
   2.8113222e+05   8.2019537e-01
   2.8156023e+05   8.2030895e-01
   2.8198824e+05   8.2042254e-01
   2.8241625e+05   8.2053612e-01
   2.8327228e+05   8.2064970e-01
   2.8384296e+05   8.2087687e-01
   2.8398563e+05   8.2099046e-01
   2.8427097e+05   8.2110404e-01
   2.8469898e+05   8.2121763e-01
   2.8484165e+05   8.2133121e-01
   2.8526966e+05   8.2144480e-01
   2.8555501e+05   8.2178555e-01
   2.8569768e+05   8.2189914e-01
   2.8612569e+05   8.2201272e-01
   2.8626836e+05   8.2212631e-01
   2.8641103e+05   8.2223989e-01
   2.8655370e+05   8.2235348e-01
   2.8669637e+05   8.2246706e-01
   2.8698171e+05   8.2269423e-01
   2.8726705e+05   8.2280781e-01
   2.8740972e+05   8.2303498e-01
   2.8769506e+05   8.2314857e-01
   2.8812307e+05   8.2326215e-01
   2.8869376e+05   8.2337574e-01
   2.8897910e+05   8.2348932e-01
   2.8940711e+05   8.2360291e-01
   2.8954978e+05   8.2371649e-01
   2.8969245e+05   8.2394366e-01
   2.8997779e+05   8.2405725e-01
   2.9012046e+05   8.2428442e-01
   2.9040580e+05   8.2451159e-01
   2.9069114e+05   8.2473876e-01
   2.9097648e+05   8.2496592e-01
   2.9226052e+05   8.2507951e-01
   2.9240319e+05   8.2519309e-01
   2.9325921e+05   8.2542026e-01
   2.9454325e+05   8.2553385e-01
   2.9468592e+05   8.2576102e-01
   2.9497126e+05   8.2598819e-01
   2.9525660e+05   8.2610177e-01
   2.9539927e+05   8.2632894e-01
   2.9568461e+05   8.2644253e-01
   2.9739666e+05   8.2655611e-01
   2.9753933e+05   8.2666970e-01
   2.9768200e+05   8.2678328e-01
   2.9796734e+05   8.2689687e-01
   2.9839535e+05   8.2701045e-01
   2.9853802e+05   8.2712403e-01
   2.9882336e+05   8.2735120e-01
   2.9982206e+05   8.2757837e-01
   3.0010740e+05   8.2769196e-01
   3.0025007e+05   8.2780554e-01
   3.0039274e+05   8.2803271e-01
   3.0082075e+05   8.2814630e-01
   3.0196211e+05   8.2825988e-01
   3.0239012e+05   8.2837347e-01
   3.0253280e+05   8.2860064e-01
   3.0281814e+05   8.2871422e-01
   3.0296081e+05   8.2882781e-01
   3.0310348e+05   8.2894139e-01
   3.0338882e+05   8.2905498e-01
   3.0367416e+05   8.2916856e-01
   3.0381683e+05   8.2939573e-01
   3.0395950e+05   8.2950931e-01
   3.0410217e+05   8.2962290e-01
   3.0453018e+05   8.2985007e-01
   3.0481552e+05   8.2996365e-01
   3.0510086e+05   8.3007724e-01
   3.0567155e+05   8.3019082e-01
   3.0609956e+05   8.3030441e-01
   3.0624223e+05   8.3041799e-01
   3.0652757e+05   8.3064516e-01
   3.0681291e+05   8.3087233e-01
   3.0695558e+05   8.3098592e-01
   3.0709825e+05   8.3109950e-01
   3.0766893e+05   8.3121308e-01
   3.0781160e+05   8.3132667e-01
   3.0838229e+05   8.3155384e-01
   3.0866763e+05   8.3166742e-01
   3.0881030e+05   8.3178101e-01
   3.1037967e+05   8.3200818e-01
   3.1066501e+05   8.3223535e-01
   3.1080768e+05   8.3234893e-01
   3.1137837e+05   8.3257610e-01
   3.1152104e+05   8.3268969e-01
   3.1180638e+05   8.3280327e-01
   3.1294774e+05   8.3291686e-01
   3.1351842e+05   8.3303044e-01
   3.1366109e+05   8.3314403e-01
   3.1380376e+05   8.3325761e-01
   3.1408911e+05   8.3337119e-01
   3.1423178e+05   8.3348478e-01
   3.1551581e+05   8.3371195e-01
   3.1580115e+05   8.3382553e-01
   3.1622916e+05   8.3393912e-01
   3.1651450e+05   8.3405270e-01
   3.1665717e+05   8.3439346e-01
   3.1679985e+05   8.3450704e-01
   3.1708519e+05   8.3462063e-01
   3.1722786e+05   8.3473421e-01
   3.1737053e+05   8.3507497e-01
   3.1751320e+05   8.3518855e-01
   3.1765587e+05   8.3530214e-01
   3.1851189e+05   8.3541572e-01
   3.1865456e+05   8.3564289e-01
   3.1879723e+05   8.3587006e-01
   3.1893990e+05   8.3598364e-01
   3.1908257e+05   8.3609723e-01
   3.1936791e+05   8.3621081e-01
   3.1979593e+05   8.3632440e-01
   3.2008127e+05   8.3643798e-01
   3.2022394e+05   8.3655157e-01
   3.2050928e+05   8.3666515e-01
   3.2093729e+05   8.3677874e-01
   3.2107996e+05   8.3689232e-01
   3.2122263e+05   8.3711949e-01
   3.2222132e+05   8.3723308e-01
   3.2279201e+05   8.3734666e-01
   3.2307735e+05   8.3746025e-01
   3.2364803e+05   8.3780100e-01
   3.2379070e+05   8.3791458e-01
   3.2407604e+05   8.3802817e-01
   3.2421871e+05   8.3825534e-01
   3.2436138e+05   8.3848251e-01
   3.2493206e+05   8.3859609e-01
   3.2578809e+05   8.3870968e-01
   3.2607343e+05   8.3882326e-01
   3.2664411e+05   8.3893685e-01
   3.2678678e+05   8.3905043e-01
   3.2692945e+05   8.3916402e-01
   3.2721479e+05   8.3927760e-01
   3.2807081e+05   8.3939119e-01
   3.2892684e+05   8.3950477e-01
   3.2921218e+05   8.3961836e-01
   3.2935485e+05   8.3973194e-01
   3.2992553e+05   8.3995911e-01
   3.3021087e+05   8.4018628e-01
   3.3106690e+05   8.4029986e-01
   3.3135224e+05   8.4041345e-01
   3.3178025e+05   8.4064062e-01
   3.3277894e+05   8.4075420e-01
   3.3306428e+05   8.4098137e-01
   3.3363496e+05   8.4109496e-01
   3.3449099e+05   8.4120854e-01
   3.3463366e+05   8.4132213e-01
   3.3520434e+05   8.4143571e-01
   3.3534701e+05   8.4154930e-01
   3.3591769e+05   8.4166288e-01
   3.3634570e+05   8.4177647e-01
   3.3663104e+05   8.4200363e-01
   3.3734440e+05   8.4211722e-01
   3.3820042e+05   8.4245797e-01
   3.3848576e+05   8.4257156e-01
   3.3891377e+05   8.4268514e-01
   3.3934178e+05   8.4279873e-01
   3.4048315e+05   8.4291231e-01
   3.4076849e+05   8.4302590e-01
   3.4091116e+05   8.4325307e-01
   3.4105383e+05   8.4336665e-01
   3.4119650e+05   8.4348024e-01
   3.4133917e+05   8.4359382e-01
   3.4148184e+05   8.4370741e-01
   3.4219519e+05   8.4393458e-01
   3.4233786e+05   8.4404816e-01
   3.4290855e+05   8.4416174e-01
   3.4305122e+05   8.4427533e-01
   3.4319389e+05   8.4438891e-01
   3.4362190e+05   8.4450250e-01
   3.4390724e+05   8.4461608e-01
   3.4404991e+05   8.4472967e-01
   3.4419258e+05   8.4484325e-01
   3.4504860e+05   8.4507042e-01
   3.4533395e+05   8.4518401e-01
   3.4590463e+05   8.4529759e-01
   3.4618997e+05   8.4541118e-01
   3.4647531e+05   8.4552476e-01
   3.4790201e+05   8.4586552e-01
   3.4890071e+05   8.4597910e-01
   3.4975673e+05   8.4609269e-01
   3.5032741e+05   8.4620627e-01
   3.5061275e+05   8.4643344e-01
   3.5175412e+05   8.4654702e-01
   3.5203946e+05   8.4666061e-01
   3.5246747e+05   8.4677419e-01
   3.5261014e+05   8.4688778e-01
   3.5275281e+05   8.4700136e-01
   3.5318082e+05   8.4711495e-01
   3.5332349e+05   8.4722853e-01
   3.5360883e+05   8.4734212e-01
   3.5417952e+05   8.4745570e-01
   3.5446486e+05   8.4756929e-01
   3.5503554e+05   8.4768287e-01
   3.5532088e+05   8.4779646e-01
   3.5546355e+05   8.4791004e-01
   3.5589156e+05   8.4802363e-01
   3.5603423e+05   8.4825080e-01
   3.5617690e+05   8.4836438e-01
   3.5646224e+05   8.4847796e-01
   3.5717560e+05   8.4859155e-01
   3.5760361e+05   8.4881872e-01
   3.5860230e+05   8.4904589e-01
   3.5931565e+05   8.4915947e-01
   3.5945832e+05   8.4927306e-01
   3.5974367e+05   8.4938664e-01
   3.6017168e+05   8.4950023e-01
   3.6031435e+05   8.4961381e-01
   3.6117037e+05   8.4972740e-01
   3.6216906e+05   8.4984098e-01
   3.6259708e+05   8.4995457e-01
   3.6388111e+05   8.5006815e-01
   3.6445179e+05   8.5018174e-01
   3.6487980e+05   8.5040891e-01
   3.6559316e+05   8.5074966e-01
   3.6587850e+05   8.5086324e-01
   3.6616384e+05   8.5097683e-01
   3.6644918e+05   8.5109041e-01
   3.6659185e+05   8.5131758e-01
   3.6673452e+05   8.5143117e-01
   3.6744787e+05   8.5165834e-01
   3.6944526e+05   8.5177192e-01
   3.6958793e+05   8.5188551e-01
   3.7001594e+05   8.5199909e-01
   3.7015861e+05   8.5211268e-01
   3.7030128e+05   8.5222626e-01
   3.7144265e+05   8.5233985e-01
   3.7158532e+05   8.5245343e-01
   3.7187066e+05   8.5256701e-01
   3.7215600e+05   8.5268060e-01
   3.7229867e+05   8.5279418e-01
   3.7329736e+05   8.5290777e-01
   3.7358270e+05   8.5302135e-01
   3.7429606e+05   8.5313494e-01
   3.7443873e+05   8.5324852e-01
   3.7458140e+05   8.5336211e-01
   3.7472407e+05   8.5347569e-01
   3.7486674e+05   8.5358928e-01
   3.7500941e+05   8.5370286e-01
   3.7629344e+05   8.5381645e-01
   3.7714947e+05   8.5393003e-01
   3.7800549e+05   8.5404362e-01
   3.7871884e+05   8.5415720e-01
   3.7914685e+05   8.5427079e-01
   3.7943219e+05   8.5438437e-01
   3.8000288e+05   8.5449796e-01
   3.8043089e+05   8.5472512e-01
   3.8085890e+05   8.5483871e-01
   3.8114424e+05   8.5495229e-01
   3.8200026e+05   8.5506588e-01
   3.8214293e+05   8.5517946e-01
   3.8271362e+05   8.5529305e-01
   3.8314163e+05   8.5540663e-01
   3.8342697e+05   8.5552022e-01
   3.8356964e+05   8.5563380e-01
   3.8371231e+05   8.5574739e-01
   3.8399765e+05   8.5586097e-01
   3.8414032e+05   8.5608814e-01
   3.8556703e+05   8.5620173e-01
   3.8628038e+05   8.5631531e-01
   3.8642305e+05   8.5642890e-01
   3.8713640e+05   8.5654248e-01
   3.8727907e+05   8.5676965e-01
   3.8842044e+05   8.5688323e-01
   3.8856311e+05   8.5699682e-01
   3.8970447e+05   8.5722399e-01
   3.8998981e+05   8.5733757e-01
   3.9127385e+05   8.5745116e-01
   3.9212987e+05   8.5756474e-01
   3.9227254e+05   8.5767833e-01
   3.9255788e+05   8.5779191e-01
   3.9312856e+05   8.5790550e-01
   3.9341390e+05   8.5801908e-01
   3.9398459e+05   8.5813267e-01
   3.9455527e+05   8.5824625e-01
   3.9469794e+05   8.5835984e-01
   3.9512595e+05   8.5847342e-01
   3.9541129e+05   8.5870059e-01
   3.9569663e+05   8.5881418e-01
   3.9612464e+05   8.5892776e-01
   3.9655265e+05   8.5904134e-01
   3.9669533e+05   8.5915493e-01
   3.9726601e+05   8.5926851e-01
   3.9797936e+05   8.5960927e-01
   3.9912072e+05   8.5972285e-01
   3.9983408e+05   8.5983644e-01
   4.0011942e+05   8.5995002e-01
   4.0154612e+05   8.6017719e-01
   4.0168879e+05   8.6029078e-01
   4.0240215e+05   8.6040436e-01
   4.0268749e+05   8.6051795e-01
   4.0297283e+05   8.6063153e-01
   4.0311550e+05   8.6074512e-01
   4.0325817e+05   8.6085870e-01
   4.0340084e+05   8.6097229e-01
   4.0411419e+05   8.6108587e-01
   4.0439953e+05   8.6119945e-01
   4.0454220e+05   8.6131304e-01
   4.0482754e+05   8.6154021e-01
   4.0539823e+05   8.6165379e-01
   4.0611158e+05   8.6188096e-01
   4.0639692e+05   8.6199455e-01
   4.0653959e+05   8.6222172e-01
   4.0753828e+05   8.6233530e-01
   4.0810897e+05   8.6256247e-01
   4.0853698e+05   8.6267606e-01
   4.0896499e+05   8.6278964e-01
   4.0925033e+05   8.6290323e-01
   4.0939300e+05   8.6301681e-01
   4.1124772e+05   8.6313040e-01
   4.1167573e+05   8.6324398e-01
   4.1196107e+05   8.6335756e-01
   4.1238908e+05   8.6347115e-01
   4.1281709e+05   8.6369832e-01
   4.1324510e+05   8.6381190e-01
   4.1353044e+05   8.6392549e-01
   4.1395846e+05   8.6403907e-01
   4.1410113e+05   8.6415266e-01
   4.1509982e+05   8.6426624e-01
   4.1581317e+05   8.6437983e-01
   4.1695454e+05   8.6449341e-01
   4.1723988e+05   8.6460700e-01
   4.1738255e+05   8.6472058e-01
   4.1752522e+05   8.6483417e-01
   4.1781056e+05   8.6494775e-01
   4.1795323e+05   8.6506134e-01
   4.1852391e+05   8.6528851e-01
   4.1909459e+05   8.6540209e-01
   4.1952261e+05   8.6551567e-01
   4.1980795e+05   8.6562926e-01
   4.2066397e+05   8.6574284e-01
   4.2094931e+05   8.6597001e-01
   4.2123465e+05   8.6608360e-01
   4.2180533e+05   8.6619718e-01
   4.2194800e+05   8.6631077e-01
   4.2266136e+05   8.6642435e-01
   4.2323204e+05   8.6653794e-01
   4.2366005e+05   8.6665152e-01
   4.2394539e+05   8.6676511e-01
   4.2437340e+05   8.6687869e-01
   4.2451607e+05   8.6699228e-01
   4.2494408e+05   8.6721945e-01
   4.2522943e+05   8.6733303e-01
   4.2637079e+05   8.6744662e-01
   4.2722681e+05   8.6767378e-01
   4.2736948e+05   8.6778737e-01
   4.2765482e+05   8.6790095e-01
   4.2865352e+05   8.6801454e-01
   4.2879619e+05   8.6812812e-01
   4.2965221e+05   8.6824171e-01
   4.2993755e+05   8.6835529e-01
   4.3008022e+05   8.6846888e-01
   4.3065090e+05   8.6869605e-01
   4.3164960e+05   8.6880963e-01
   4.3279096e+05   8.6903680e-01
   4.3450301e+05   8.6926397e-01
   4.3464568e+05   8.6949114e-01
   4.3507369e+05   8.6960473e-01
   4.3621505e+05   8.6971831e-01
   4.3849778e+05   8.6994548e-01
   4.3892579e+05   8.7005906e-01
   4.4006716e+05   8.7028623e-01
   4.4020983e+05   8.7039982e-01
   4.4035250e+05   8.7051340e-01
   4.4163653e+05   8.7062699e-01
   4.4206454e+05   8.7074057e-01
   4.4277790e+05   8.7085416e-01
   4.4320591e+05   8.7096774e-01
   4.4334858e+05   8.7119491e-01
   4.4391926e+05   8.7130850e-01
   4.4420460e+05   8.7142208e-01
   4.4491795e+05   8.7153567e-01
   4.4591665e+05   8.7164925e-01
   4.4634466e+05   8.7176284e-01
   4.4663000e+05   8.7187642e-01
   4.4705801e+05   8.7199000e-01
   4.4762869e+05   8.7210359e-01
   4.4777136e+05   8.7221717e-01
   4.4834205e+05   8.7233076e-01
   4.4976875e+05   8.7244434e-01
   4.5005409e+05   8.7255793e-01
   4.5019676e+05   8.7267151e-01
   4.5062477e+05   8.7278510e-01
   4.5091012e+05   8.7289868e-01
   4.5105279e+05   8.7301227e-01
   4.5276483e+05   8.7312585e-01
   4.5347818e+05   8.7323944e-01
   4.5476222e+05   8.7335302e-01
   4.5633159e+05   8.7346661e-01
   4.5804364e+05   8.7358019e-01
   4.5847165e+05   8.7369378e-01
   4.5861432e+05   8.7392095e-01
   4.5932767e+05   8.7403453e-01
   4.6004103e+05   8.7414811e-01
   4.6032637e+05   8.7426170e-01
   4.6089705e+05   8.7437528e-01
   4.6161040e+05   8.7448887e-01
   4.6246643e+05   8.7460245e-01
   4.6346512e+05   8.7471604e-01
   4.6403580e+05   8.7494321e-01
   4.6417847e+05   8.7505679e-01
   4.6474915e+05   8.7517038e-01
   4.6503449e+05   8.7528396e-01
   4.6646120e+05   8.7539755e-01
   4.6688921e+05   8.7551113e-01
   4.6703188e+05   8.7562472e-01
   4.6774523e+05   8.7573830e-01
   4.6803058e+05   8.7585189e-01
   4.6931461e+05   8.7607905e-01
   4.6945728e+05   8.7619264e-01
   4.6959995e+05   8.7630622e-01
   4.7188268e+05   8.7641981e-01
   4.7202535e+05   8.7653339e-01
   4.7231069e+05   8.7664698e-01
   4.7316671e+05   8.7676056e-01
   4.7616279e+05   8.7687415e-01
   4.7673348e+05   8.7698773e-01
   4.7816018e+05   8.7710132e-01
   4.7873086e+05   8.7732849e-01
   4.7915887e+05   8.7744207e-01
   4.7944422e+05   8.7755566e-01
   4.7972956e+05   8.7766924e-01
   4.8015757e+05   8.7778283e-01
   4.8030024e+05   8.7789641e-01
   4.8115626e+05   8.7801000e-01
   4.8215495e+05   8.7812358e-01
   4.8229763e+05   8.7823716e-01
   4.8272564e+05   8.7835075e-01
   4.8286831e+05   8.7846433e-01
   4.8358166e+05   8.7857792e-01
   4.8429501e+05   8.7880509e-01
   4.8515104e+05   8.7891867e-01
   4.8586439e+05   8.7903226e-01
   4.8643507e+05   8.7914584e-01
   4.8657774e+05   8.7925943e-01
   4.8900314e+05   8.7937301e-01
   4.9014450e+05   8.7948660e-01
   4.9028717e+05   8.7960018e-01
   4.9042984e+05   8.7971377e-01
   4.9057251e+05   8.7982735e-01
   4.9128587e+05   8.8005452e-01
   4.9342592e+05   8.8016811e-01
   4.9356859e+05   8.8028169e-01
   4.9385394e+05   8.8039527e-01
   4.9542331e+05   8.8050886e-01
   4.9642200e+05   8.8062244e-01
   4.9699269e+05   8.8073603e-01
   4.9713536e+05   8.8084961e-01
   4.9956076e+05   8.8096320e-01
   5.0013144e+05   8.8107678e-01
   5.0070212e+05   8.8119037e-01
   5.0227150e+05   8.8141754e-01
   5.0241417e+05   8.8153112e-01
   5.0312752e+05   8.8164471e-01
   5.0426888e+05   8.8175829e-01
   5.0512491e+05   8.8187188e-01
   5.0569559e+05   8.8198546e-01
   5.0612360e+05   8.8209905e-01
   5.0626627e+05   8.8221263e-01
   5.0726496e+05   8.8232622e-01
   5.0740763e+05   8.8243980e-01
   5.0769297e+05   8.8255338e-01
   5.0840633e+05   8.8266697e-01
   5.1083173e+05   8.8278055e-01
   5.1097440e+05   8.8289414e-01
   5.1154508e+05   8.8312131e-01
   5.1268644e+05   8.8323489e-01
   5.1311445e+05   8.8334848e-01
   5.1339979e+05   8.8346206e-01
   5.1425582e+05   8.8357565e-01
   5.1439849e+05   8.8368923e-01
   5.1496917e+05   8.8380282e-01
   5.1553985e+05   8.8391640e-01
   5.1682389e+05   8.8402999e-01
   5.1753724e+05   8.8414357e-01
   5.1796525e+05   8.8425716e-01
   5.1825059e+05   8.8437074e-01
   5.1839326e+05   8.8448433e-01
   5.1981997e+05   8.8459791e-01
   5.2010531e+05   8.8471149e-01
   5.2053332e+05   8.8482508e-01
   5.2110400e+05   8.8493866e-01
   5.2295872e+05   8.8516583e-01
   5.2310139e+05   8.8527942e-01
   5.2338673e+05   8.8539300e-01
   5.2381474e+05   8.8550659e-01
   5.2495610e+05   8.8562017e-01
   5.2609747e+05   8.8573376e-01
   5.2652548e+05   8.8584734e-01
   5.2695349e+05   8.8596093e-01
   5.2738150e+05   8.8607451e-01
   5.2823753e+05   8.8618810e-01
   5.2838020e+05   8.8630168e-01
   5.2980690e+05   8.8641527e-01
   5.3023491e+05   8.8652885e-01
   5.3208963e+05   8.8664244e-01
   5.3351633e+05   8.8675602e-01
   5.3437236e+05   8.8686960e-01
   5.3465770e+05   8.8698319e-01
   5.3480037e+05   8.8709677e-01
   5.3551372e+05   8.8721036e-01
   5.3636974e+05   8.8732394e-01
   5.3694043e+05   8.8743753e-01
   5.3708310e+05   8.8755111e-01
   5.3722577e+05   8.8766470e-01
   5.3751111e+05   8.8789187e-01
   5.3765378e+05   8.8800545e-01
   5.3908048e+05   8.8811904e-01
   5.3950850e+05   8.8823262e-01
   5.3979384e+05   8.8834621e-01
   5.3993651e+05   8.8845979e-01
   5.4022185e+05   8.8857338e-01
   5.4064986e+05   8.8868696e-01
   5.4079253e+05   8.8880055e-01
   5.4293259e+05   8.8891413e-01
   5.4378861e+05   8.8902771e-01
   5.4393128e+05   8.8914130e-01
   5.4407395e+05   8.8925488e-01
   5.4421662e+05   8.8936847e-01
   5.4435929e+05   8.8948205e-01
   5.4492997e+05   8.8959564e-01
   5.4535799e+05   8.8982281e-01
   5.4664202e+05   8.8993639e-01
   5.4749804e+05   8.9004998e-01
   5.4821140e+05   8.9016356e-01
   5.4906742e+05   8.9027715e-01
   5.4921009e+05   8.9039073e-01
   5.4935276e+05   8.9061790e-01
   5.4949543e+05   8.9073149e-01
   5.5049412e+05   8.9084507e-01
   5.5063679e+05   8.9095866e-01
   5.5206350e+05   8.9107224e-01
   5.5277685e+05   8.9118582e-01
   5.5591560e+05   8.9129941e-01
   5.5691430e+05   8.9141299e-01
   5.5791299e+05   8.9164016e-01
   5.5862634e+05   8.9175375e-01
   5.6062373e+05   8.9186733e-01
   5.6119441e+05   8.9198092e-01
   5.6162242e+05   8.9209450e-01
   5.6233578e+05   8.9220809e-01
   5.6304913e+05   8.9232167e-01
   5.6347714e+05   8.9243526e-01
   5.6361981e+05   8.9254884e-01
   5.6404782e+05   8.9266243e-01
   5.6476117e+05   8.9277601e-01
   5.6533186e+05   8.9288960e-01
   5.6561720e+05   8.9300318e-01
   5.6604521e+05   8.9323035e-01
   5.6661589e+05   8.9334393e-01
   5.6718657e+05   8.9345752e-01
   5.6789993e+05   8.9357110e-01
   5.6832794e+05   8.9368469e-01
   5.7089601e+05   8.9379827e-01
   5.7218004e+05   8.9391186e-01
   5.7275072e+05   8.9402544e-01
   5.7531879e+05   8.9413903e-01
   5.7631748e+05   8.9425261e-01
   5.7660283e+05   8.9436620e-01
   5.7731618e+05   8.9447978e-01
   5.7974158e+05   8.9459337e-01
   5.8188163e+05   8.9470695e-01
   5.8216698e+05   8.9482054e-01
   5.8516306e+05   8.9493412e-01
   5.8559107e+05   8.9504771e-01
   5.8573374e+05   8.9516129e-01
   5.8673243e+05   8.9527488e-01
   5.8687510e+05   8.9538846e-01
   5.8701777e+05   8.9550204e-01
   5.8758845e+05   8.9561563e-01
   5.8815914e+05   8.9572921e-01
   5.8858715e+05   8.9584280e-01
   5.8915783e+05   8.9595638e-01
   5.9001385e+05   8.9606997e-01
   5.9101255e+05   8.9618355e-01
   5.9215391e+05   8.9641072e-01
   5.9415130e+05   8.9652431e-01
   5.9686204e+05   8.9663789e-01
   5.9828874e+05   8.9675148e-01
   5.9914476e+05   8.9686506e-01
   6.0171283e+05   8.9697865e-01
   6.0413823e+05   8.9709223e-01
   6.0627829e+05   8.9720582e-01
   6.0656363e+05   8.9731940e-01
   6.0827568e+05   8.9743299e-01
   6.0856102e+05   8.9754657e-01
   6.0898903e+05   8.9788732e-01
   6.0913170e+05   8.9800091e-01
   6.0984505e+05   8.9811449e-01
   6.1098642e+05   8.9822808e-01
   6.1169977e+05   8.9834166e-01
   6.1184244e+05   8.9856883e-01
   6.1398250e+05   8.9868242e-01
   6.1426784e+05   8.9879600e-01
   6.1441051e+05   8.9890959e-01
   6.1498119e+05   8.9902317e-01
   6.1512386e+05   8.9913676e-01
   6.1526653e+05   8.9925034e-01
   6.1569454e+05   8.9936393e-01
   6.1597988e+05   8.9947751e-01
   6.1626522e+05   8.9959109e-01
   6.2040267e+05   8.9970468e-01
   6.2197204e+05   8.9981826e-01
   6.2240006e+05   8.9993185e-01
   6.2382676e+05   9.0004543e-01
   6.2396943e+05   9.0027260e-01
   6.2425477e+05   9.0038619e-01
   6.2482545e+05   9.0049977e-01
   6.2539614e+05   9.0061336e-01
   6.2596682e+05   9.0072694e-01
   6.2653750e+05   9.0084053e-01
   6.2824955e+05   9.0095411e-01
   6.2853489e+05   9.0106770e-01
   6.2924824e+05   9.0118128e-01
   6.2996159e+05   9.0129487e-01
   6.3138830e+05   9.0140845e-01
   6.3452705e+05   9.0152204e-01
   6.3524040e+05   9.0163562e-01
   6.3666711e+05   9.0174920e-01
   6.3680978e+05   9.0197637e-01
   6.3809381e+05   9.0220354e-01
   6.3837915e+05   9.0231713e-01
   6.4094722e+05   9.0243071e-01
   6.4108989e+05   9.0265788e-01
   6.4151790e+05   9.0277147e-01
   6.4622603e+05   9.0288505e-01
   6.4765273e+05   9.0299864e-01
   6.5036347e+05   9.0311222e-01
   6.5093416e+05   9.0322581e-01
   6.5236086e+05   9.0345298e-01
   6.5592762e+05   9.0356656e-01
   6.5721166e+05   9.0368015e-01
   6.5735433e+05   9.0379373e-01
   6.5792501e+05   9.0402090e-01
   6.5835302e+05   9.0413448e-01
   6.5863836e+05   9.0424807e-01
   6.5878103e+05   9.0436165e-01
   6.5935172e+05   9.0447524e-01
   6.5977973e+05   9.0458882e-01
   6.6149177e+05   9.0470241e-01
   6.6249047e+05   9.0492958e-01
   6.6277581e+05   9.0504316e-01
   6.6377450e+05   9.0515675e-01
   6.6391717e+05   9.0527033e-01
   6.6448785e+05   9.0538392e-01
   6.6463052e+05   9.0549750e-01
   6.6605723e+05   9.0561109e-01
   6.6691325e+05   9.0572467e-01
   6.6990933e+05   9.0583826e-01
   6.7290541e+05   9.0595184e-01
   6.7304808e+05   9.0606542e-01
   6.7418945e+05   9.0617901e-01
   6.7433212e+05   9.0640618e-01
   6.7461746e+05   9.0651976e-01
   6.7547348e+05   9.0663335e-01
   6.7661485e+05   9.0674693e-01
   6.7675752e+05   9.0686052e-01
   6.7747087e+05   9.0708769e-01
   6.7775621e+05   9.0720127e-01
   6.7832689e+05   9.0731486e-01
   6.7889757e+05   9.0742844e-01
   6.8374837e+05   9.0754203e-01
   6.8431905e+05   9.0765561e-01
   6.8474706e+05   9.0788278e-01
   6.8503241e+05   9.0799637e-01
   6.8560309e+05   9.0810995e-01
   6.8702979e+05   9.0822353e-01
   6.8774315e+05   9.0833712e-01
   6.8874184e+05   9.0845070e-01
   6.9230860e+05   9.0867787e-01
   6.9287928e+05   9.0879146e-01
   6.9302195e+05   9.0890504e-01
   6.9416332e+05   9.0901863e-01
   6.9715940e+05   9.0913221e-01
   7.0158218e+05   9.0924580e-01
   7.0714633e+05   9.0935938e-01
   7.0728900e+05   9.0947297e-01
   7.0771702e+05   9.0958655e-01
   7.0900105e+05   9.0970014e-01
   7.0957173e+05   9.0981372e-01
   7.1042775e+05   9.0992731e-01
   7.1413719e+05   9.1004089e-01
   7.1427986e+05   9.1015448e-01
   7.1542122e+05   9.1026806e-01
   7.1570656e+05   9.1038164e-01
   7.1927333e+05   9.1049523e-01
   7.1984401e+05   9.1060881e-01
   7.2098537e+05   9.1083598e-01
   7.2412412e+05   9.1094957e-01
   7.2483748e+05   9.1106315e-01
   7.2526549e+05   9.1117674e-01
   7.2783356e+05   9.1129032e-01
   7.2968827e+05   9.1140391e-01
   7.3268435e+05   9.1151749e-01
   7.3282702e+05   9.1163108e-01
   7.3325503e+05   9.1174466e-01
   7.3382572e+05   9.1185825e-01
   7.3496708e+05   9.1197183e-01
   7.3625112e+05   9.1208542e-01
   7.3639379e+05   9.1219900e-01
   7.3682180e+05   9.1231259e-01
   7.3739248e+05   9.1242617e-01
   7.3839117e+05   9.1253975e-01
   7.3996055e+05   9.1265334e-01
   7.4053123e+05   9.1276692e-01
   7.4138725e+05   9.1288051e-01
   7.4167259e+05   9.1299409e-01
   7.4195794e+05   9.1310768e-01
   7.4224328e+05   9.1322126e-01
   7.4267129e+05   9.1333485e-01
   7.4338464e+05   9.1344843e-01
   7.4538203e+05   9.1356202e-01
   7.4680873e+05   9.1367560e-01
   7.4923413e+05   9.1378919e-01
   7.4994748e+05   9.1390277e-01
   7.5165953e+05   9.1401636e-01
   7.5180220e+05   9.1412994e-01
   7.5223021e+05   9.1424353e-01
   7.5251555e+05   9.1435711e-01
   7.5265822e+05   9.1447070e-01
   7.5308623e+05   9.1458428e-01
   7.5665300e+05   9.1469786e-01
   7.5750902e+05   9.1481145e-01
   7.5850771e+05   9.1492503e-01
   7.5950641e+05   9.1503862e-01
   7.6021976e+05   9.1515220e-01
   7.6207448e+05   9.1526579e-01
   7.6264516e+05   9.1549296e-01
   7.6293050e+05   9.1560654e-01
   7.6421453e+05   9.1572013e-01
   7.6507056e+05   9.1583371e-01
   7.6606925e+05   9.1594730e-01
   7.6835198e+05   9.1606088e-01
   7.6992135e+05   9.1617447e-01
   7.7163340e+05   9.1640164e-01
   7.7206141e+05   9.1662881e-01
   7.7420147e+05   9.1674239e-01
   7.7548550e+05   9.1685597e-01
   7.7577084e+05   9.1696956e-01
   7.7719755e+05   9.1708314e-01
   7.8033630e+05   9.1719673e-01
   7.8062164e+05   9.1731031e-01
   7.8247636e+05   9.1742390e-01
   7.8276170e+05   9.1753748e-01
   7.8304704e+05   9.1765107e-01
   7.8404573e+05   9.1787824e-01
   7.8490176e+05   9.1799182e-01
   7.8718448e+05   9.1810541e-01
   7.8832585e+05   9.1821899e-01
   7.8861119e+05   9.1833258e-01
   7.9018056e+05   9.1844616e-01
   7.9132193e+05   9.1855975e-01
   7.9146460e+05   9.1867333e-01
   7.9403267e+05   9.1878692e-01
   7.9417534e+05   9.1890050e-01
   7.9460335e+05   9.1912767e-01
   7.9488869e+05   9.1924125e-01
   7.9503136e+05   9.1935484e-01
   7.9702875e+05   9.1946842e-01
   7.9774210e+05   9.1958201e-01
   7.9788477e+05   9.1969559e-01
   8.0159420e+05   9.1980918e-01
   8.0273557e+05   9.1992276e-01
   8.0316358e+05   9.2003635e-01
   8.0829972e+05   9.2014993e-01
   8.0858506e+05   9.2026352e-01
   8.0958375e+05   9.2037710e-01
   8.1243716e+05   9.2049069e-01
   8.1257983e+05   9.2060427e-01
   8.1400654e+05   9.2071786e-01
   8.1514790e+05   9.2083144e-01
   8.1643194e+05   9.2094502e-01
   8.1685995e+05   9.2105861e-01
   8.1942802e+05   9.2117219e-01
   8.1985603e+05   9.2128578e-01
   8.2370813e+05   9.2139936e-01
   8.2456415e+05   9.2151295e-01
   8.2527751e+05   9.2162653e-01
   8.2556285e+05   9.2174012e-01
   8.2599086e+05   9.2185370e-01
   8.2941495e+05   9.2196729e-01
   8.3027097e+05   9.2208087e-01
   8.3055632e+05   9.2219446e-01
   8.3084166e+05   9.2230804e-01
   8.3198302e+05   9.2242163e-01
   8.3241103e+05   9.2253521e-01
   8.3255370e+05   9.2264880e-01
   8.3312438e+05   9.2276238e-01
   8.3412308e+05   9.2287597e-01
   8.3826052e+05   9.2298955e-01
   8.3911655e+05   9.2310313e-01
   8.4040058e+05   9.2321672e-01
   8.4139927e+05   9.2333030e-01
   8.4553672e+05   9.2344389e-01
   8.4682075e+05   9.2355747e-01
   8.4938882e+05   9.2367106e-01
   8.4995950e+05   9.2401181e-01
   8.5010217e+05   9.2412540e-01
   8.5038752e+05   9.2423898e-01
   8.5110087e+05   9.2435257e-01
   8.5324093e+05   9.2457974e-01
   8.5409695e+05   9.2469332e-01
   8.5652235e+05   9.2480691e-01
   8.6351320e+05   9.2492049e-01
   8.6365587e+05   9.2503408e-01
   8.6422655e+05   9.2514766e-01
   8.6822133e+05   9.2526124e-01
   8.7007604e+05   9.2537483e-01
   8.7136008e+05   9.2548841e-01
   8.7449883e+05   9.2560200e-01
   8.7464150e+05   9.2571558e-01
   8.7506951e+05   9.2582917e-01
   8.7592553e+05   9.2594275e-01
   8.7763758e+05   9.2605634e-01
   8.7892162e+05   9.2616992e-01
   8.7949230e+05   9.2639709e-01
   8.8291639e+05   9.2651068e-01
   8.8305906e+05   9.2662426e-01
   8.8462844e+05   9.2673785e-01
   8.8491378e+05   9.2685143e-01
   8.8548446e+05   9.2696502e-01
   8.8576980e+05   9.2707860e-01
   8.8962190e+05   9.2719219e-01
   8.9019258e+05   9.2730577e-01
   8.9204730e+05   9.2741935e-01
   8.9418736e+05   9.2753294e-01
   8.9447270e+05   9.2764652e-01
   8.9689810e+05   9.2776011e-01
   8.9746878e+05   9.2787369e-01
   8.9832480e+05   9.2798728e-01
   9.0246225e+05   9.2810086e-01
   9.0674236e+05   9.2821445e-01
   9.0745572e+05   9.2832803e-01
   9.0873975e+05   9.2844162e-01
   9.0959577e+05   9.2855520e-01
   9.1116515e+05   9.2866879e-01
   9.1273452e+05   9.2878237e-01
   9.1330521e+05   9.2889596e-01
   9.1458924e+05   9.2900954e-01
   9.1972538e+05   9.2912313e-01
   9.2029606e+05   9.2923671e-01
   9.2129475e+05   9.2935030e-01
   9.2243612e+05   9.2946388e-01
   9.2643089e+05   9.2957746e-01
   9.2785760e+05   9.2969105e-01
   9.2842828e+05   9.2980463e-01
   9.2928430e+05   9.2991822e-01
   9.3085368e+05   9.3003180e-01
   9.3356442e+05   9.3014539e-01
   9.3656050e+05   9.3025897e-01
   9.3670317e+05   9.3037256e-01
   9.3955658e+05   9.3048614e-01
   9.4041260e+05   9.3059973e-01
   9.4412203e+05   9.3071331e-01
   9.4483539e+05   9.3082690e-01
   9.5139823e+05   9.3094048e-01
   9.5353829e+05   9.3105407e-01
   9.5553567e+05   9.3116765e-01
   9.5567834e+05   9.3128124e-01
   9.5910244e+05   9.3139482e-01
   9.6281187e+05   9.3162199e-01
   9.6409590e+05   9.3173557e-01
   9.6737733e+05   9.3184916e-01
   9.6809068e+05   9.3196274e-01
   9.6951738e+05   9.3207633e-01
   9.7037341e+05   9.3218991e-01
   9.7065875e+05   9.3230350e-01
   9.7336949e+05   9.3241708e-01
   9.7379750e+05   9.3253067e-01
   9.7522420e+05   9.3264425e-01
   9.8007500e+05   9.3275784e-01
   9.8150170e+05   9.3287142e-01
   9.8264307e+05   9.3298501e-01
   9.8578182e+05   9.3309859e-01
   9.8606716e+05   9.3321218e-01
   9.8877790e+05   9.3343935e-01
   9.9020461e+05   9.3355293e-01
   9.9091796e+05   9.3366652e-01
   9.9134597e+05   9.3378010e-01
   9.9491273e+05   9.3389368e-01
   9.9676745e+05   9.3400727e-01
   9.9733813e+05   9.3412085e-01
   1.0023316e+06   9.3423444e-01
   1.0071824e+06   9.3434802e-01
   1.0096078e+06   9.3446161e-01
   1.0100358e+06   9.3457519e-01
   1.0127465e+06   9.3468878e-01
   1.0141732e+06   9.3480236e-01
   1.0154573e+06   9.3491595e-01
   1.0163133e+06   9.3502953e-01
   1.0184534e+06   9.3514312e-01
   1.0213068e+06   9.3525670e-01
   1.0227335e+06   9.3548387e-01
   1.0234468e+06   9.3559746e-01
   1.0244455e+06   9.3571104e-01
   1.0245882e+06   9.3582463e-01
   1.0260149e+06   9.3593821e-01
   1.0281550e+06   9.3605179e-01
   1.0290110e+06   9.3616538e-01
   1.0298670e+06   9.3627896e-01
   1.0301523e+06   9.3639255e-01
   1.0330058e+06   9.3661972e-01
   1.0347178e+06   9.3673330e-01
   1.0374285e+06   9.3684689e-01
   1.0388552e+06   9.3696047e-01
   1.0415660e+06   9.3718764e-01
   1.0451327e+06   9.3730123e-01
   1.0554050e+06   9.3741481e-01
   1.0562610e+06   9.3752840e-01
   1.0565464e+06   9.3764198e-01
   1.0689587e+06   9.3775557e-01
   1.0705281e+06   9.3786915e-01
   1.0759496e+06   9.3798274e-01
   1.0765203e+06   9.3809632e-01
   1.0766629e+06   9.3820990e-01
   1.0782323e+06   9.3832349e-01
   1.0798017e+06   9.3843707e-01
   1.0815137e+06   9.3855066e-01
   1.0816564e+06   9.3866424e-01
   1.0820844e+06   9.3877783e-01
   1.0823697e+06   9.3889141e-01
   1.0832258e+06   9.3900500e-01
   1.0839391e+06   9.3911858e-01
   1.0852232e+06   9.3923217e-01
   1.0877912e+06   9.3934575e-01
   1.0890753e+06   9.3945934e-01
   1.0936407e+06   9.3957292e-01
   1.0959234e+06   9.3968651e-01
   1.0962088e+06   9.3991368e-01
   1.0973502e+06   9.4002726e-01
   1.0992049e+06   9.4014085e-01
   1.1116172e+06   9.4025443e-01
   1.1124732e+06   9.4036801e-01
   1.1134719e+06   9.4048160e-01
   1.1146133e+06   9.4059518e-01
   1.1201774e+06   9.4070877e-01
   1.1243149e+06   9.4082235e-01
   1.1263123e+06   9.4093594e-01
   1.1275963e+06   9.4104952e-01
   1.1281670e+06   9.4116311e-01
   1.1287377e+06   9.4127669e-01
   1.1331604e+06   9.4139028e-01
   1.1353005e+06   9.4150386e-01
   1.1375832e+06   9.4161745e-01
   1.1385819e+06   9.4173103e-01
   1.1388673e+06   9.4195820e-01
   1.1391526e+06   9.4207179e-01
   1.1400086e+06   9.4218537e-01
   1.1434327e+06   9.4229896e-01
   1.1458581e+06   9.4241254e-01
   1.1504236e+06   9.4252612e-01
   1.1522783e+06   9.4263971e-01
   1.1551317e+06   9.4275329e-01
   1.1591265e+06   9.4286688e-01
   1.1604105e+06   9.4298046e-01
   1.1635493e+06   9.4309405e-01
   1.1743922e+06   9.4320763e-01
   1.1759616e+06   9.4332122e-01
   1.1765323e+06   9.4343480e-01
   1.1805271e+06   9.4354839e-01
   1.1839511e+06   9.4366197e-01
   1.1910847e+06   9.4377556e-01
   1.1917980e+06   9.4388914e-01
   1.1919407e+06   9.4400273e-01
   1.1977902e+06   9.4411631e-01
   1.2042104e+06   9.4422990e-01
   1.2052090e+06   9.4445706e-01
   1.2060651e+06   9.4457065e-01
   1.2090612e+06   9.4468423e-01
   1.2096318e+06   9.4479782e-01
   1.2177641e+06   9.4491140e-01
   1.2186201e+06   9.4502499e-01
   1.2213308e+06   9.4513857e-01
   1.2240416e+06   9.4525216e-01
   1.2281790e+06   9.4536574e-01
   1.2316031e+06   9.4547933e-01
   1.2317458e+06   9.4559291e-01
   1.2330298e+06   9.4570650e-01
   1.2353125e+06   9.4582008e-01
   1.2358832e+06   9.4593367e-01
   1.2360259e+06   9.4604725e-01
   1.2373099e+06   9.4616084e-01
   1.2394500e+06   9.4627442e-01
   1.2443008e+06   9.4638801e-01
   1.2457275e+06   9.4650159e-01
   1.2474395e+06   9.4661517e-01
   1.2518623e+06   9.4672876e-01
   1.2525757e+06   9.4684234e-01
   1.2565704e+06   9.4695593e-01
   1.2632759e+06   9.4706951e-01
   1.2675561e+06   9.4718310e-01
   1.2676987e+06   9.4729668e-01
   1.2678414e+06   9.4741027e-01
   1.2685548e+06   9.4752385e-01
   1.2689828e+06   9.4763744e-01
   1.2699815e+06   9.4775102e-01
   1.2783990e+06   9.4786461e-01
   1.2795404e+06   9.4797819e-01
   1.2828218e+06   9.4809178e-01
   1.2842485e+06   9.4820536e-01
   1.2852472e+06   9.4831895e-01
   1.2965182e+06   9.4843253e-01
   1.2969462e+06   9.4854612e-01
   1.2997996e+06   9.4865970e-01
   1.3002276e+06   9.4877328e-01
   1.3043650e+06   9.4888687e-01
   1.3062198e+06   9.4900045e-01
   1.3085025e+06   9.4911404e-01
   1.3127826e+06   9.4922762e-01
   1.3137813e+06   9.4934121e-01
   1.3156360e+06   9.4945479e-01
   1.3243389e+06   9.4956838e-01
   1.3277630e+06   9.4968196e-01
   1.3281910e+06   9.4979555e-01
   1.3341832e+06   9.4990913e-01
   1.3440274e+06   9.5002272e-01
   1.3461675e+06   9.5013630e-01
   1.3507330e+06   9.5024989e-01
   1.3511610e+06   9.5036347e-01
   1.3517317e+06   9.5047706e-01
   1.3535864e+06   9.5059064e-01
   1.3584372e+06   9.5070423e-01
   1.3588652e+06   9.5081781e-01
   1.3591505e+06   9.5093139e-01
   1.3594359e+06   9.5104498e-01
   1.3601492e+06   9.5115856e-01
   1.3608626e+06   9.5127215e-01
   1.3638586e+06   9.5138573e-01
   1.3674254e+06   9.5149932e-01
   1.3715629e+06   9.5161290e-01
   1.3729896e+06   9.5172649e-01
   1.3779830e+06   9.5184007e-01
   1.3781257e+06   9.5195366e-01
   1.3792671e+06   9.5206724e-01
   1.3819778e+06   9.5218083e-01
   1.3849739e+06   9.5229441e-01
   1.3864006e+06   9.5240800e-01
   1.3871139e+06   9.5252158e-01
   1.3903954e+06   9.5263517e-01
   1.3989556e+06   9.5274875e-01
   1.4068025e+06   9.5286234e-01
   1.4079438e+06   9.5297592e-01
   1.4082292e+06   9.5308950e-01
   1.4133653e+06   9.5320309e-01
   1.4139360e+06   9.5331667e-01
   1.4222109e+06   9.5354384e-01
   1.4507450e+06   9.5365743e-01
   1.4517437e+06   9.5377101e-01
   1.4541691e+06   9.5388460e-01
   1.4544544e+06   9.5399818e-01
   1.4550251e+06   9.5411177e-01
   1.4634427e+06   9.5422535e-01
   1.4707188e+06   9.5433894e-01
   1.4722882e+06   9.5445252e-01
   1.4725736e+06   9.5456611e-01
   1.4728589e+06   9.5467969e-01
   1.4778524e+06   9.5479328e-01
   1.4898367e+06   9.5490686e-01
   1.4958289e+06   9.5502045e-01
   1.5012503e+06   9.5513403e-01
   1.5023917e+06   9.5524761e-01
   1.5026770e+06   9.5536120e-01
   1.5029624e+06   9.5547478e-01
   1.5089545e+06   9.5558837e-01
   1.5158027e+06   9.5570195e-01
   1.5190841e+06   9.5581554e-01
   1.5222229e+06   9.5592912e-01
   1.5253617e+06   9.5604271e-01
   1.5285004e+06   9.5615629e-01
   1.5287857e+06   9.5626988e-01
   1.5364899e+06   9.5638346e-01
   1.5504717e+06   9.5649705e-01
   1.5520410e+06   9.5661063e-01
   1.5547518e+06   9.5672422e-01
   1.5584612e+06   9.5683780e-01
   1.5586039e+06   9.5695139e-01
   1.5694468e+06   9.5706497e-01
   1.5710162e+06   9.5717856e-01
   1.5711589e+06   9.5729214e-01
   1.5778644e+06   9.5740572e-01
   1.5798618e+06   9.5751931e-01
   1.5882793e+06   9.5763289e-01
   1.5898487e+06   9.5774648e-01
   1.5919888e+06   9.5786006e-01
   1.5927021e+06   9.5797365e-01
   1.5976956e+06   9.5808723e-01
   1.6006917e+06   9.5820082e-01
   1.6115346e+06   9.5831440e-01
   1.6158147e+06   9.5842799e-01
   1.6163854e+06   9.5854157e-01
   1.6180975e+06   9.5865516e-01
   1.6209509e+06   9.5876874e-01
   1.6223776e+06   9.5888233e-01
   1.6243750e+06   9.5899591e-01
   1.6273711e+06   9.5910950e-01
   1.6289404e+06   9.5922308e-01
   1.6292258e+06   9.5933667e-01
   1.6323645e+06   9.5945025e-01
   1.6412101e+06   9.5956383e-01
   1.6442062e+06   9.5967742e-01
   1.6443488e+06   9.5979100e-01
   1.6504837e+06   9.5990459e-01
   1.6543358e+06   9.6001817e-01
   1.6715989e+06   9.6013176e-01
   1.6721696e+06   9.6024534e-01
   1.6753083e+06   9.6035893e-01
   1.6845819e+06   9.6047251e-01
   1.6867220e+06   9.6058610e-01
   1.6884340e+06   9.6069968e-01
   1.6920008e+06   9.6081327e-01
   1.6947115e+06   9.6092685e-01
   1.6997050e+06   9.6104044e-01
   1.7012744e+06   9.6115402e-01
   1.7188228e+06   9.6126761e-01
   1.7219616e+06   9.6138119e-01
   1.7303792e+06   9.6149478e-01
   1.7329472e+06   9.6160836e-01
   1.7358006e+06   9.6172194e-01
   1.7533491e+06   9.6183553e-01
   1.7534918e+06   9.6194911e-01
   1.7564879e+06   9.6206270e-01
   1.7584852e+06   9.6217628e-01
   1.7589133e+06   9.6228987e-01
   1.7591986e+06   9.6240345e-01
   1.7604826e+06   9.6251704e-01
   1.7623374e+06   9.6263062e-01
   1.7694709e+06   9.6274421e-01
   1.7733230e+06   9.6285779e-01
   1.7804565e+06   9.6297138e-01
   1.7858780e+06   9.6308496e-01
   1.7895874e+06   9.6319855e-01
   1.7945809e+06   9.6331213e-01
   1.7947236e+06   9.6342572e-01
   1.7952942e+06   9.6353930e-01
   1.7955796e+06   9.6365289e-01
   1.8088479e+06   9.6376647e-01
   1.8119867e+06   9.6388005e-01
   1.8403781e+06   9.6399364e-01
   1.8507931e+06   9.6410722e-01
   1.8771871e+06   9.6422081e-01
   1.8987303e+06   9.6433439e-01
   1.9072906e+06   9.6444798e-01
   1.9194176e+06   9.6456156e-01
   1.9288338e+06   9.6467515e-01
   1.9351113e+06   9.6478873e-01
   1.9363954e+06   9.6490232e-01
   1.9505197e+06   9.6501590e-01
   1.9533732e+06   9.6512949e-01
   1.9640734e+06   9.6524307e-01
   1.9643588e+06   9.6535666e-01
   1.9926075e+06   9.6547024e-01
   1.9956036e+06   9.6558383e-01
   1.9976010e+06   9.6569741e-01
   2.0224257e+06   9.6581100e-01
   2.0255644e+06   9.6592458e-01
   2.0291312e+06   9.6603816e-01
   2.0344100e+06   9.6615175e-01
   2.0405448e+06   9.6626533e-01
   2.0443969e+06   9.6637892e-01
   2.0455383e+06   9.6649250e-01
   2.0493904e+06   9.6671967e-01
   2.0513878e+06   9.6683326e-01
   2.0657975e+06   9.6694684e-01
   2.0666535e+06   9.6706043e-01
   2.0695069e+06   9.6717401e-01
   2.0706483e+06   9.6728760e-01
   2.0729310e+06   9.6740118e-01
   2.0837740e+06   9.6751477e-01
   2.0840593e+06   9.6762835e-01
   2.1111667e+06   9.6774194e-01
   2.1194416e+06   9.6785552e-01
   2.1224377e+06   9.6796910e-01
   2.1311406e+06   9.6808269e-01
   2.1317113e+06   9.6819627e-01
   2.1361341e+06   9.6830986e-01
   2.1442663e+06   9.6842344e-01
   2.1468343e+06   9.6853703e-01
   2.1472624e+06   9.6865061e-01
   2.1730857e+06   9.6876420e-01
   2.1816460e+06   9.6887778e-01
   2.1909195e+06   9.6899137e-01
   2.2011918e+06   9.6910495e-01
   2.2298686e+06   9.6921854e-01
   2.2315806e+06   9.6933212e-01
   2.2457050e+06   9.6944571e-01
   2.2963530e+06   9.6955929e-01
   2.3077667e+06   9.6967288e-01
   2.3094787e+06   9.6978646e-01
   2.3174683e+06   9.6990005e-01
   2.3305940e+06   9.7001363e-01
   2.3315926e+06   9.7012721e-01
   2.3367288e+06   9.7024080e-01
   2.3532786e+06   9.7035438e-01
   2.3558466e+06   9.7046797e-01
   2.3579867e+06   9.7058155e-01
   2.3618388e+06   9.7069514e-01
   2.3672603e+06   9.7080872e-01
   2.3679736e+06   9.7092231e-01
   2.3685443e+06   9.7103589e-01
   2.3688296e+06   9.7114948e-01
   2.3732524e+06   9.7126306e-01
   2.3813847e+06   9.7137665e-01
   2.4019292e+06   9.7149023e-01
   2.4244711e+06   9.7160382e-01
   2.4307486e+06   9.7171740e-01
   2.4314620e+06   9.7183099e-01
   2.4378822e+06   9.7194457e-01
   2.4398796e+06   9.7205816e-01
   2.4460144e+06   9.7217174e-01
   2.4704110e+06   9.7228532e-01
   2.5186337e+06   9.7239891e-01
   2.5433157e+06   9.7251249e-01
   2.5508772e+06   9.7262608e-01
   2.5667136e+06   9.7273966e-01
   2.5724205e+06   9.7285325e-01
   2.5852608e+06   9.7296683e-01
   2.5959611e+06   9.7308042e-01
   2.5975305e+06   9.7319400e-01
   2.6028093e+06   9.7330759e-01
   2.6065187e+06   9.7342117e-01
   2.6069467e+06   9.7353476e-01
   2.6153643e+06   9.7364834e-01
   2.6175043e+06   9.7376193e-01
   2.6293460e+06   9.7387551e-01
   2.6413303e+06   9.7398910e-01
   2.6644429e+06   9.7410268e-01
   2.6827047e+06   9.7421627e-01
   2.6888396e+06   9.7432985e-01
   2.6896956e+06   9.7444343e-01
   2.6904090e+06   9.7455702e-01
   2.6995399e+06   9.7467060e-01
   2.7099548e+06   9.7478419e-01
   2.7150910e+06   9.7489777e-01
   2.7158043e+06   9.7501136e-01
   2.7182297e+06   9.7512494e-01
   2.7185150e+06   9.7523853e-01
   2.7219391e+06   9.7535211e-01
   2.7240792e+06   9.7546570e-01
   2.7808621e+06   9.7557928e-01
   2.7847142e+06   9.7569287e-01
   2.8105375e+06   9.7580645e-01
   2.8146750e+06   9.7592004e-01
   2.8209525e+06   9.7603362e-01
   2.8330795e+06   9.7614721e-01
   2.8419250e+06   9.7626079e-01
   2.8513413e+06   9.7637438e-01
   2.8597588e+06   9.7648796e-01
   2.8754526e+06   9.7660154e-01
   2.8887209e+06   9.7671513e-01
   2.9135456e+06   9.7682871e-01
   2.9415090e+06   9.7694230e-01
   2.9639083e+06   9.7705588e-01
   2.9659057e+06   9.7716947e-01
   2.9689018e+06   9.7728305e-01
   2.9870209e+06   9.7739664e-01
   2.9891610e+06   9.7751022e-01
   3.0128443e+06   9.7762381e-01
   3.0535054e+06   9.7773739e-01
   3.0626363e+06   9.7785098e-01
   3.0676298e+06   9.7796456e-01
   3.0733366e+06   9.7807815e-01
   3.0884596e+06   9.7819173e-01
   3.1085762e+06   9.7830532e-01
   3.1162804e+06   9.7841890e-01
   3.1576548e+06   9.7853249e-01
   3.1770580e+06   9.7864607e-01
   3.1870450e+06   9.7875965e-01
   3.2261367e+06   9.7887324e-01
   3.2289901e+06   9.7898682e-01
   3.2346969e+06   9.7910041e-01
   3.2372650e+06   9.7921399e-01
   3.2406891e+06   9.7932758e-01
   3.2573815e+06   9.7944116e-01
   3.2578095e+06   9.7955475e-01
   3.2596642e+06   9.7966833e-01
   3.2628030e+06   9.7978192e-01
   3.2762140e+06   9.7989550e-01
   3.2899104e+06   9.8000909e-01
   3.2920505e+06   9.8012267e-01
   3.2967586e+06   9.8023626e-01
   3.2978999e+06   9.8034984e-01
   3.3237233e+06   9.8046343e-01
   3.3328542e+06   9.8057701e-01
   3.3392744e+06   9.8069060e-01
   3.3424131e+06   9.8080418e-01
   3.3444105e+06   9.8091776e-01
   3.3532561e+06   9.8103135e-01
   3.3542548e+06   9.8114493e-01
   3.3621017e+06   9.8125852e-01
   3.3873543e+06   9.8137210e-01
   3.3900651e+06   9.8148569e-01
   3.4464199e+06   9.8159927e-01
   3.4652524e+06   9.8171286e-01
   3.4917892e+06   9.8182644e-01
   3.5076256e+06   9.8194003e-01
   3.5335916e+06   9.8205361e-01
   3.5622684e+06   9.8216720e-01
   3.5705433e+06   9.8228078e-01
   3.6077803e+06   9.8239437e-01
   3.6147711e+06   9.8250795e-01
   3.6373131e+06   9.8262154e-01
   3.6438759e+06   9.8273512e-01
   3.6468720e+06   9.8284871e-01
   3.6617097e+06   9.8296229e-01
   3.6755488e+06   9.8307587e-01
   3.6758341e+06   9.8318946e-01
   3.6846797e+06   9.8330304e-01
   3.7384664e+06   9.8341663e-01
   3.7404638e+06   9.8353021e-01
   3.7607230e+06   9.8364380e-01
   3.7832650e+06   9.8375738e-01
   3.8182193e+06   9.8387097e-01
   3.8536015e+06   9.8398455e-01
   3.8694380e+06   9.8409814e-01
   3.8801383e+06   9.8421172e-01
   3.8854171e+06   9.8432531e-01
   3.8909812e+06   9.8443889e-01
   3.8955467e+06   9.8455248e-01
   3.8995414e+06   9.8466606e-01
   3.9310716e+06   9.8477965e-01
   3.9387758e+06   9.8489323e-01
   3.9419146e+06   9.8500682e-01
   3.9491908e+06   9.8512040e-01
   3.9788662e+06   9.8523398e-01
   3.9948453e+06   9.8534757e-01
   3.9984121e+06   9.8546115e-01
   4.0005522e+06   9.8557474e-01
   4.0151045e+06   9.8568832e-01
   4.0616151e+06   9.8580191e-01
   4.0630418e+06   9.8591549e-01
   4.0765955e+06   9.8602908e-01
   4.1353758e+06   9.8614266e-01
   4.1380865e+06   9.8625625e-01
   4.1457907e+06   9.8636983e-01
   4.1582031e+06   9.8648342e-01
   4.2135592e+06   9.8659700e-01
   4.2843238e+06   9.8671059e-01
   4.2844665e+06   9.8682417e-01
   4.2863212e+06   9.8693776e-01
   4.3194207e+06   9.8705134e-01
   4.3265542e+06   9.8716493e-01
   4.3602245e+06   9.8727851e-01
   4.3655033e+06   9.8739209e-01
   4.3656460e+06   9.8750568e-01
   4.3709248e+06   9.8761926e-01
   4.4015989e+06   9.8773285e-01
   4.4663713e+06   9.8784643e-01
   4.4667993e+06   9.8796002e-01
   4.4679407e+06   9.8807360e-01
   4.4732195e+06   9.8818719e-01
   4.4743609e+06   9.8830077e-01
   4.4929081e+06   9.8841436e-01
   4.5235822e+06   9.8852794e-01
   4.5291464e+06   9.8864153e-01
   4.5387053e+06   9.8875511e-01
   4.5506896e+06   9.8886870e-01
   4.6391453e+06   9.8898228e-01
   4.6451375e+06   9.8909587e-01
   4.6531270e+06   9.8920945e-01
   4.7869520e+06   9.8932303e-01
   4.8170554e+06   9.8943662e-01
   4.8478723e+06   9.8955020e-01
   4.9555885e+06   9.8966379e-01
   4.9769891e+06   9.8977737e-01
   4.9878320e+06   9.8989096e-01
   5.0336292e+06   9.9000454e-01
   5.0936935e+06   9.9011813e-01
   5.1546138e+06   9.9023171e-01
   5.1725903e+06   9.9034530e-01
   5.2551965e+06   9.9045888e-01
   5.3151181e+06   9.9057247e-01
   5.3671929e+06   9.9068605e-01
   5.4532232e+06   9.9079964e-01
   5.4807586e+06   9.9091322e-01
   5.5616528e+06   9.9102681e-01
   5.6849201e+06   9.9114039e-01
   5.8421430e+06   9.9125398e-01
   5.9333094e+06   9.9136756e-01
   5.9572781e+06   9.9148114e-01
   5.9952284e+06   9.9159473e-01
   6.0264733e+06   9.9170831e-01
   6.0487299e+06   9.9182190e-01
   6.0675624e+06   9.9193548e-01
   6.1316214e+06   9.9204907e-01
   6.2022433e+06   9.9216265e-01
   6.2567434e+06   9.9227624e-01
   6.2581701e+06   9.9238982e-01
   6.2721519e+06   9.9250341e-01
   6.4089729e+06   9.9261699e-01
   6.5359496e+06   9.9273058e-01
   6.6749107e+06   9.9284416e-01
   6.9324309e+06   9.9295775e-01
   6.9863604e+06   9.9307133e-01
   6.9897845e+06   9.9318492e-01
   7.0117557e+06   9.9329850e-01
   7.1201853e+06   9.9341209e-01
   7.1685506e+06   9.9352567e-01
   7.2239068e+06   9.9363925e-01
   7.2287576e+06   9.9375284e-01
   7.4369138e+06   9.9386642e-01
   7.4469008e+06   9.9398001e-01
   7.6181054e+06   9.9409359e-01
   7.8502303e+06   9.9420718e-01
   7.9081545e+06   9.9432076e-01
   7.9301257e+06   9.9443435e-01
   8.1050398e+06   9.9454793e-01
   8.3084879e+06   9.9466152e-01
   8.6881341e+06   9.9477510e-01
   8.7651762e+06   9.9488869e-01
   8.8168229e+06   9.9500227e-01
   8.8211030e+06   9.9511586e-01
   8.8710377e+06   9.9522944e-01
   8.9573533e+06   9.9534303e-01
   9.0926050e+06   9.9545661e-01
   9.1635122e+06   9.9557020e-01
   9.1980385e+06   9.9568378e-01
   9.3729525e+06   9.9579736e-01
   9.5617056e+06   9.9591095e-01
   9.6990973e+06   9.9602453e-01
   9.7096549e+06   9.9613812e-01
   9.7120803e+06   9.9625170e-01
   9.7681498e+06   9.9636529e-01
   9.7976826e+06   9.9647887e-01
   9.8895624e+06   9.9659246e-01
   9.9402104e+06   9.9670604e-01
   1.0053919e+07   9.9681963e-01
   1.0098575e+07   9.9693321e-01
   1.0278054e+07   9.9704680e-01
   1.0525159e+07   9.9716038e-01
   1.0993547e+07   9.9727397e-01
   1.1231949e+07   9.9738755e-01
   1.1303712e+07   9.9750114e-01
   1.1354788e+07   9.9761472e-01
   1.1808338e+07   9.9772831e-01
   1.2265312e+07   9.9784189e-01
   1.2753958e+07   9.9795547e-01
   1.2818302e+07   9.9806906e-01
   1.3961378e+07   9.9818264e-01
   1.5326878e+07   9.9829623e-01
   1.6080891e+07   9.9840981e-01
   1.6567826e+07   9.9852340e-01
   1.7471358e+07   9.9863698e-01
   1.7489192e+07   9.9875057e-01
   1.9200382e+07   9.9886415e-01
   2.1297353e+07   9.9897774e-01
   2.2373516e+07   9.9909132e-01
   2.3518162e+07   9.9920491e-01
   2.5402982e+07   9.9931849e-01
   2.5476029e+07   9.9943208e-01
   2.6320639e+07   9.9954566e-01
   2.7139710e+07   9.9965925e-01
   2.7787291e+07   9.9977283e-01
   3.5376649e+07   9.9988642e-01
   8.5602229e+07   1.0000000e+00
