CopyNumber	CumulativeDistributionFunction
   6.6875000e+01   2.1080914e-02
   2.0062500e+02   5.0428852e-02
   3.3437500e+02   7.4299886e-02
   4.6812500e+02   9.6930867e-02
   6.0187500e+02   1.1573835e-01
   7.3562500e+02   1.3134236e-01
   8.6937500e+02   1.4684303e-01
   1.0031250e+03   1.5604010e-01
   1.1368750e+03   1.6730392e-01
   1.2706250e+03   1.7712101e-01
   1.4043750e+03   1.8673143e-01
   1.5381250e+03   1.9406841e-01
   1.6718750e+03   2.0233543e-01
   1.8056250e+03   2.1049912e-01
   1.9393750e+03   2.1907616e-01
   2.0731250e+03   2.2413971e-01
   2.2068750e+03   2.3013331e-01
   2.3406250e+03   2.3540353e-01
   2.4743750e+03   2.4284386e-01
   2.6081250e+03   2.4749406e-01
   2.7418750e+03   2.5286762e-01
   2.8756250e+03   2.5875788e-01
   3.0093750e+03   2.6361476e-01
   3.1431250e+03   2.6764493e-01
   3.2768750e+03   2.7219179e-01
   3.4106250e+03   2.7787537e-01
   3.5443750e+03   2.8252558e-01
   3.6781250e+03   2.8603906e-01
   3.8118750e+03   2.9037925e-01
   3.9456250e+03   2.9461610e-01
   4.0793750e+03   2.9792291e-01
   4.2131250e+03   3.0133306e-01
   4.3468750e+03   3.0587992e-01
   4.4806250e+03   3.0898006e-01
   4.6143750e+03   3.1218353e-01
   4.7481250e+03   3.1528366e-01
   4.8818750e+03   3.1828046e-01
   5.0156250e+03   3.2148393e-01
   5.1493750e+03   3.2530743e-01
   5.2831250e+03   3.2768420e-01
   5.4168750e+03   3.3099101e-01
   5.5506250e+03   3.3378113e-01
   5.6843750e+03   3.3719128e-01
   5.8181250e+03   3.3925803e-01
   5.9518750e+03   3.4184148e-01
   6.0856250e+03   3.4339155e-01
   6.2193750e+03   3.4566498e-01
   6.3531250e+03   3.4824842e-01
   6.4868750e+03   3.5031518e-01
   6.6206250e+03   3.5238194e-01
   6.7543750e+03   3.5475871e-01
   6.8881250e+03   3.5682546e-01
   7.0218750e+03   3.5858221e-01
   7.1556250e+03   3.6023561e-01
   7.2893750e+03   3.6188902e-01
   7.4231250e+03   3.6395577e-01
   7.5568750e+03   3.6633254e-01
   7.6906250e+03   3.6870931e-01
   7.8243750e+03   3.7160277e-01
   7.9581250e+03   3.7480624e-01
   8.0918750e+03   3.7687300e-01
   8.2256250e+03   3.7904309e-01
   8.3593750e+03   3.8090317e-01
   8.4931250e+03   3.8276325e-01
   8.6268750e+03   3.8514002e-01
   8.7606250e+03   3.8679343e-01
   8.8943750e+03   3.8948021e-01
   9.0281250e+03   3.9123695e-01
   9.1618750e+03   3.9299370e-01
   9.2956250e+03   3.9433709e-01
   9.4293750e+03   3.9640384e-01
   9.5631250e+03   3.9826392e-01
   9.6968750e+03   3.9971065e-01
   9.8306250e+03   4.0105405e-01
   9.9643750e+03   4.0219076e-01
   1.0098125e+04   4.0415418e-01
   1.0231875e+04   4.0622094e-01
   1.0365625e+04   4.0756433e-01
   1.0499375e+04   4.0859771e-01
   1.0633125e+04   4.1025111e-01
   1.0766875e+04   4.1159450e-01
   1.0900625e+04   4.1293789e-01
   1.1034375e+04   4.1500465e-01
   1.1168125e+04   4.1655472e-01
   1.1301875e+04   4.1820812e-01
   1.1435625e+04   4.2089491e-01
   1.1569375e+04   4.2192828e-01
   1.1703125e+04   4.2316834e-01
   1.1836875e+04   4.2502842e-01
   1.1970625e+04   4.2719851e-01
   1.2104375e+04   4.2874858e-01
   1.2238125e+04   4.3060866e-01
   1.2371875e+04   4.3184871e-01
   1.2505625e+04   4.3298543e-01
   1.2639375e+04   4.3422548e-01
   1.2773125e+04   4.3536220e-01
   1.2906875e+04   4.3680893e-01
   1.3040625e+04   4.3804898e-01
   1.3174375e+04   4.3949571e-01
   1.3308125e+04   4.4042575e-01
   1.3441875e+04   4.4145913e-01
   1.3575625e+04   4.4259585e-01
   1.3709375e+04   4.4414591e-01
   1.3843125e+04   4.4466260e-01
   1.3976875e+04   4.4548930e-01
   1.4110625e+04   4.4652268e-01
   1.4244375e+04   4.4807275e-01
   1.4378125e+04   4.4951948e-01
   1.4511875e+04   4.5065620e-01
   1.4645625e+04   4.5199959e-01
   1.4779375e+04   4.5292963e-01
   1.4913125e+04   4.5375633e-01
   1.5046875e+04   4.5478971e-01
   1.5180625e+04   4.5602976e-01
   1.5314375e+04   4.5706314e-01
   1.5448125e+04   4.5757983e-01
   1.5581875e+04   4.5902656e-01
   1.5715625e+04   4.6036995e-01
   1.5849375e+04   4.6171334e-01
   1.5983125e+04   4.6264338e-01
   1.6116875e+04   4.6440012e-01
   1.6250625e+04   4.6533016e-01
   1.6384375e+04   4.6636354e-01
   1.6518125e+04   4.6729358e-01
   1.6651875e+04   4.6874031e-01
   1.6785625e+04   4.6967035e-01
   1.6919375e+04   4.7111708e-01
   1.7053125e+04   4.7163377e-01
   1.7186875e+04   4.7246047e-01
   1.7320625e+04   4.7318384e-01
   1.7454375e+04   4.7442389e-01
   1.7588125e+04   4.7566395e-01
   1.7721875e+04   4.7690400e-01
   1.7855625e+04   4.7773070e-01
   1.7989375e+04   4.7917743e-01
   1.8123125e+04   4.8010747e-01
   1.8256875e+04   4.8093417e-01
   1.8390625e+04   4.8227757e-01
   1.8524375e+04   4.8393097e-01
   1.8658125e+04   4.8455100e-01
   1.8791875e+04   4.8558438e-01
   1.8925625e+04   4.8641108e-01
   1.9059375e+04   4.8734112e-01
   1.9193125e+04   4.8868451e-01
   1.9326875e+04   4.8920120e-01
   1.9460625e+04   4.8971789e-01
   1.9594375e+04   4.9023458e-01
   1.9728125e+04   4.9116462e-01
   1.9861875e+04   4.9219800e-01
   1.9995625e+04   4.9312804e-01
   2.0129375e+04   4.9447143e-01
   2.0263125e+04   4.9529813e-01
   2.0396875e+04   4.9664152e-01
   2.0530625e+04   4.9726155e-01
   2.0664375e+04   4.9819159e-01
   2.0798125e+04   4.9881162e-01
   2.0931875e+04   4.9943164e-01
   2.1065625e+04   5.0067170e-01
   2.1199375e+04   5.0160174e-01
   2.1333125e+04   5.0315180e-01
   2.1466875e+04   5.0418518e-01
   2.1600625e+04   5.0511522e-01
   2.1734375e+04   5.0604526e-01
   2.1868125e+04   5.0707864e-01
   2.2001875e+04   5.0800868e-01
   2.2135625e+04   5.0893872e-01
   2.2269375e+04   5.0976542e-01
   2.2403125e+04   5.1028211e-01
   2.2536875e+04   5.1110881e-01
   2.2670625e+04   5.1183218e-01
   2.2804375e+04   5.1265888e-01
   2.2938125e+04   5.1389894e-01
   2.3071875e+04   5.1441562e-01
   2.3205625e+04   5.1513899e-01
   2.3339375e+04   5.1617237e-01
   2.3473125e+04   5.1720575e-01
   2.3606875e+04   5.1761910e-01
   2.3740625e+04   5.1844580e-01
   2.3874375e+04   5.1916916e-01
   2.4008125e+04   5.1947918e-01
   2.4141875e+04   5.1999587e-01
   2.4275625e+04   5.2113258e-01
   2.4409375e+04   5.2195928e-01
   2.4543125e+04   5.2247597e-01
   2.4676875e+04   5.2350935e-01
   2.4810625e+04   5.2433605e-01
   2.4944375e+04   5.2495608e-01
   2.5078125e+04   5.2516276e-01
   2.5211875e+04   5.2588612e-01
   2.5345625e+04   5.2640281e-01
   2.5479375e+04   5.2712618e-01
   2.5613125e+04   5.2764286e-01
   2.5746875e+04   5.2805622e-01
   2.5880625e+04   5.2867624e-01
   2.6014375e+04   5.2919293e-01
   2.6148125e+04   5.3012297e-01
   2.6281875e+04   5.3125969e-01
   2.6415625e+04   5.3187971e-01
   2.6549375e+04   5.3249974e-01
   2.6683125e+04   5.3280976e-01
   2.6816875e+04   5.3373980e-01
   2.6950625e+04   5.3425648e-01
   2.7084375e+04   5.3477317e-01
   2.7218125e+04   5.3549654e-01
   2.7351875e+04   5.3642658e-01
   2.7485625e+04   5.3704661e-01
   2.7619375e+04   5.3797665e-01
   2.7753125e+04   5.3901002e-01
   2.7886875e+04   5.3921670e-01
   2.8020625e+04   5.4014674e-01
   2.8154375e+04   5.4118012e-01
   2.8288125e+04   5.4149013e-01
   2.8421875e+04   5.4190348e-01
   2.8555625e+04   5.4211016e-01
   2.8689375e+04   5.4273018e-01
   2.8823125e+04   5.4335021e-01
   2.8956875e+04   5.4407358e-01
   2.9090625e+04   5.4459027e-01
   2.9224375e+04   5.4521029e-01
   2.9358125e+04   5.4603699e-01
   2.9491875e+04   5.4686370e-01
   2.9625625e+04   5.4717371e-01
   2.9759375e+04   5.4748372e-01
   2.9893125e+04   5.4779374e-01
   3.0026875e+04   5.4862044e-01
   3.0160625e+04   5.4965382e-01
   3.0294375e+04   5.5006717e-01
   3.0428125e+04   5.5079053e-01
   3.0561875e+04   5.5161724e-01
   3.0695625e+04   5.5234060e-01
   3.0829375e+04   5.5275395e-01
   3.0963125e+04   5.5378733e-01
   3.1096875e+04   5.5430402e-01
   3.1230625e+04   5.5471737e-01
   3.1364375e+04   5.5513072e-01
   3.1498125e+04   5.5575075e-01
   3.1631875e+04   5.5637078e-01
   3.1765625e+04   5.5699080e-01
   3.1899375e+04   5.5761083e-01
   3.2033125e+04   5.5823086e-01
   3.2166875e+04   5.5874755e-01
   3.2300625e+04   5.5947091e-01
   3.2434375e+04   5.5978092e-01
   3.2568125e+04   5.6029761e-01
   3.2701875e+04   5.6071096e-01
   3.2835625e+04   5.6143433e-01
   3.2969375e+04   5.6184768e-01
   3.3103125e+04   5.6246771e-01
   3.3236875e+04   5.6298440e-01
   3.3370625e+04   5.6319107e-01
   3.3504375e+04   5.6381110e-01
   3.3638125e+04   5.6422445e-01
   3.3771875e+04   5.6463780e-01
   3.3905625e+04   5.6505115e-01
   3.4039375e+04   5.6536117e-01
   3.4173125e+04   5.6608453e-01
   3.4306875e+04   5.6629121e-01
   3.4440625e+04   5.6680790e-01
   3.4574375e+04   5.6763460e-01
   3.4708125e+04   5.6815129e-01
   3.4841875e+04   5.6887465e-01
   3.4975625e+04   5.6908133e-01
   3.5109375e+04   5.6970135e-01
   3.5243125e+04   5.7042472e-01
   3.5376875e+04   5.7094141e-01
   3.5510625e+04   5.7135476e-01
   3.5644375e+04   5.7156143e-01
   3.5778125e+04   5.7207812e-01
   3.5911875e+04   5.7280149e-01
   3.6045625e+04   5.7331818e-01
   3.6179375e+04   5.7362819e-01
   3.6313125e+04   5.7393820e-01
   3.6446875e+04   5.7455823e-01
   3.6580625e+04   5.7507492e-01
   3.6714375e+04   5.7559161e-01
   3.6848125e+04   5.7569495e-01
   3.6981875e+04   5.7672832e-01
   3.7115625e+04   5.7724501e-01
   3.7249375e+04   5.7745169e-01
   3.7383125e+04   5.7755503e-01
   3.7516875e+04   5.7817505e-01
   3.7650625e+04   5.7889842e-01
   3.7784375e+04   5.7900176e-01
   3.7918125e+04   5.7951845e-01
   3.8051875e+04   5.8044849e-01
   3.8185625e+04   5.8096518e-01
   3.8319375e+04   5.8137853e-01
   3.8453125e+04   5.8148186e-01
   3.8586875e+04   5.8189522e-01
   3.8720625e+04   5.8210189e-01
   3.8854375e+04   5.8251524e-01
   3.8988125e+04   5.8282526e-01
   3.9121875e+04   5.8344528e-01
   3.9255625e+04   5.8385863e-01
   3.9389375e+04   5.8447866e-01
   3.9523125e+04   5.8478867e-01
   3.9656875e+04   5.8499535e-01
   3.9790625e+04   5.8582205e-01
   3.9924375e+04   5.8623540e-01
   4.0058125e+04   5.8644208e-01
   4.0191875e+04   5.8716544e-01
   4.0325625e+04   5.8747546e-01
   4.0459375e+04   5.8778547e-01
   4.0593125e+04   5.8861217e-01
   4.0726875e+04   5.8881885e-01
   4.0860625e+04   5.8912886e-01
   4.0994375e+04   5.8933554e-01
   4.1128125e+04   5.8974889e-01
   4.1261875e+04   5.9036892e-01
   4.1395625e+04   5.9047225e-01
   4.1529375e+04   5.9088561e-01
   4.1663125e+04   5.9129896e-01
   4.1796875e+04   5.9171231e-01
   4.2064375e+04   5.9181565e-01
   4.2198125e+04   5.9264235e-01
   4.2331875e+04   5.9315904e-01
   4.2465625e+04   5.9346905e-01
   4.2599375e+04   5.9388240e-01
   4.2733125e+04   5.9439909e-01
   4.2866875e+04   5.9532913e-01
   4.3000625e+04   5.9594916e-01
   4.3134375e+04   5.9615583e-01
   4.3268125e+04   5.9646585e-01
   4.3401875e+04   5.9677586e-01
   4.3535625e+04   5.9708587e-01
   4.3669375e+04   5.9729255e-01
   4.3803125e+04   5.9801591e-01
   4.3936875e+04   5.9832593e-01
   4.4070625e+04   5.9894595e-01
   4.4204375e+04   5.9925597e-01
   4.4338125e+04   5.9935931e-01
   4.4471875e+04   5.9997933e-01
   4.4605625e+04   6.0028935e-01
   4.4739375e+04   6.0070270e-01
   4.4873125e+04   6.0111605e-01
   4.5006875e+04   6.0163274e-01
   4.5140625e+04   6.0194275e-01
   4.5274375e+04   6.0235610e-01
   4.5408125e+04   6.0245944e-01
   4.5541875e+04   6.0276945e-01
   4.5675625e+04   6.0297613e-01
   4.5809375e+04   6.0307947e-01
   4.5943125e+04   6.0349282e-01
   4.6076875e+04   6.0359616e-01
   4.6210625e+04   6.0369949e-01
   4.6344375e+04   6.0442286e-01
   4.6478125e+04   6.0483621e-01
   4.6611875e+04   6.0566291e-01
   4.6745625e+04   6.0576625e-01
   4.6879375e+04   6.0638628e-01
   4.7013125e+04   6.0690297e-01
   4.7146875e+04   6.0741965e-01
   4.7280625e+04   6.0793634e-01
   4.7414375e+04   6.0814302e-01
   4.7548125e+04   6.0855637e-01
   4.7681875e+04   6.0917640e-01
   4.7815625e+04   6.0989976e-01
   4.7949375e+04   6.1041645e-01
   4.8083125e+04   6.1082980e-01
   4.8216875e+04   6.1124315e-01
   4.8350625e+04   6.1175984e-01
   4.8484375e+04   6.1227653e-01
   4.8618125e+04   6.1258655e-01
   4.8751875e+04   6.1299990e-01
   4.8885625e+04   6.1330991e-01
   4.9019375e+04   6.1372326e-01
   4.9153125e+04   6.1454996e-01
   4.9286875e+04   6.1496332e-01
   4.9420625e+04   6.1527333e-01
   4.9688125e+04   6.1537667e-01
   4.9821875e+04   6.1558334e-01
   4.9955625e+04   6.1599669e-01
   5.0089375e+04   6.1630671e-01
   5.0223125e+04   6.1692673e-01
   5.0356875e+04   6.1744342e-01
   5.0490625e+04   6.1785677e-01
   5.0624375e+04   6.1827013e-01
   5.0758125e+04   6.1868348e-01
   5.0891875e+04   6.1909683e-01
   5.1025625e+04   6.1940684e-01
   5.1159375e+04   6.1971685e-01
   5.1293125e+04   6.2013021e-01
   5.1426875e+04   6.2064689e-01
   5.1560625e+04   6.2085357e-01
   5.1694375e+04   6.2095691e-01
   5.1828125e+04   6.2126692e-01
   5.1961875e+04   6.2178361e-01
   5.2095625e+04   6.2199029e-01
   5.2229375e+04   6.2230030e-01
   5.2496875e+04   6.2240364e-01
   5.2630625e+04   6.2261031e-01
   5.2764375e+04   6.2292033e-01
   5.2898125e+04   6.2333368e-01
   5.3031875e+04   6.2364369e-01
   5.3165625e+04   6.2395370e-01
   5.3299375e+04   6.2436706e-01
   5.3433125e+04   6.2488374e-01
   5.3566875e+04   6.2519376e-01
   5.3700625e+04   6.2581379e-01
   5.3834375e+04   6.2622714e-01
   5.3968125e+04   6.2653715e-01
   5.4101875e+04   6.2684716e-01
   5.4235625e+04   6.2715718e-01
   5.4369375e+04   6.2736385e-01
   5.4503125e+04   6.2757053e-01
   5.4636875e+04   6.2788054e-01
   5.4770625e+04   6.2808722e-01
   5.4904375e+04   6.2891392e-01
   5.5038125e+04   6.2912060e-01
   5.5171875e+04   6.2932727e-01
   5.5305625e+04   6.2963728e-01
   5.5439375e+04   6.3025731e-01
   5.5573125e+04   6.3056732e-01
   5.5706875e+04   6.3077400e-01
   5.5840625e+04   6.3118735e-01
   5.5974375e+04   6.3129069e-01
   5.6241875e+04   6.3170404e-01
   5.6375625e+04   6.3201405e-01
   5.6509375e+04   6.3263408e-01
   5.6643125e+04   6.3325411e-01
   5.6776875e+04   6.3356412e-01
   5.6910625e+04   6.3428749e-01
   5.7044375e+04   6.3439082e-01
   5.7178125e+04   6.3459750e-01
   5.7311875e+04   6.3511419e-01
   5.7445625e+04   6.3542420e-01
   5.7579375e+04   6.3583755e-01
   5.7846875e+04   6.3625090e-01
   5.7980625e+04   6.3666426e-01
   5.8114375e+04   6.3676759e-01
   5.8248125e+04   6.3687093e-01
   5.8381875e+04   6.3707761e-01
   5.8515625e+04   6.3749096e-01
   5.8649375e+04   6.3769763e-01
   5.8783125e+04   6.3811098e-01
   5.8916875e+04   6.3842100e-01
   5.9050625e+04   6.3873101e-01
   5.9184375e+04   6.3893769e-01
   5.9318125e+04   6.3914436e-01
   5.9451875e+04   6.3945438e-01
   5.9585625e+04   6.3976439e-01
   5.9719375e+04   6.4017774e-01
   5.9853125e+04   6.4038442e-01
   6.0120625e+04   6.4090111e-01
   6.0254375e+04   6.4131446e-01
   6.0388125e+04   6.4172781e-01
   6.0521875e+04   6.4224450e-01
   6.0655625e+04   6.4276119e-01
   6.0789375e+04   6.4296786e-01
   6.0923125e+04   6.4327788e-01
   6.1056875e+04   6.4348455e-01
   6.1190625e+04   6.4379456e-01
   6.1324375e+04   6.4400124e-01
   6.1458125e+04   6.4472460e-01
   6.1591875e+04   6.4493128e-01
   6.1725625e+04   6.4503462e-01
   6.1859375e+04   6.4524129e-01
   6.1993125e+04   6.4544797e-01
   6.2260625e+04   6.4565465e-01
   6.2394375e+04   6.4596466e-01
   6.2528125e+04   6.4648135e-01
   6.2661875e+04   6.4699804e-01
   6.2795625e+04   6.4730805e-01
   6.2929375e+04   6.4761806e-01
   6.3063125e+04   6.4782474e-01
   6.3196875e+04   6.4792808e-01
   6.3330625e+04   6.4813475e-01
   6.3464375e+04   6.4823809e-01
   6.3598125e+04   6.4865144e-01
   6.3731875e+04   6.4896145e-01
   6.3865625e+04   6.4906479e-01
   6.3999375e+04   6.4927147e-01
   6.4133125e+04   6.4958148e-01
   6.4266875e+04   6.5009817e-01
   6.4400625e+04   6.5040818e-01
   6.4534375e+04   6.5082154e-01
   6.4668125e+04   6.5144156e-01
   6.4801875e+04   6.5164824e-01
   6.4935625e+04   6.5185491e-01
   6.5069375e+04   6.5216493e-01
   6.5203125e+04   6.5268162e-01
   6.5336875e+04   6.5288829e-01
   6.5470625e+04   6.5319831e-01
   6.5604375e+04   6.5340498e-01
   6.5738125e+04   6.5361166e-01
   6.5871875e+04   6.5423168e-01
   6.6005625e+04   6.5485171e-01
   6.6139375e+04   6.5505839e-01
   6.6273125e+04   6.5536840e-01
   6.6406875e+04   6.5557507e-01
   6.6674375e+04   6.5588509e-01
   6.6808125e+04   6.5629844e-01
   6.6941875e+04   6.5640178e-01
   6.7075625e+04   6.5660845e-01
   6.7209375e+04   6.5681513e-01
   6.7343125e+04   6.5702180e-01
   6.7610625e+04   6.5764183e-01
   6.7744375e+04   6.5784851e-01
   6.7878125e+04   6.5857187e-01
   6.8011875e+04   6.5867521e-01
   6.8145625e+04   6.5929524e-01
   6.8279375e+04   6.5939857e-01
   6.8413125e+04   6.5960525e-01
   6.8546875e+04   6.5981193e-01
   6.8680625e+04   6.6001860e-01
   6.8814375e+04   6.6012194e-01
   6.8948125e+04   6.6032861e-01
   6.9081875e+04   6.6053529e-01
   6.9215625e+04   6.6105198e-01
   6.9349375e+04   6.6146533e-01
   6.9483125e+04   6.6187868e-01
   6.9616875e+04   6.6239537e-01
   6.9750625e+04   6.6322207e-01
   6.9884375e+04   6.6353209e-01
   7.0018125e+04   6.6394544e-01
   7.0151875e+04   6.6425545e-01
   7.0285625e+04   6.6466880e-01
   7.0419375e+04   6.6508215e-01
   7.0553125e+04   6.6518549e-01
   7.0820625e+04   6.6539217e-01
   7.0954375e+04   6.6580552e-01
   7.1088125e+04   6.6621887e-01
   7.1221875e+04   6.6673556e-01
   7.1489375e+04   6.6704557e-01
   7.1623125e+04   6.6745892e-01
   7.1756875e+04   6.6787227e-01
   7.1890625e+04   6.6797561e-01
   7.2024375e+04   6.6828563e-01
   7.2158125e+04   6.6838896e-01
   7.2291875e+04   6.6849230e-01
   7.2425625e+04   6.6880231e-01
   7.2559375e+04   6.6952568e-01
   7.2693125e+04   6.7004237e-01
   7.2826875e+04   6.7024904e-01
   7.2960625e+04   6.7035238e-01
   7.3094375e+04   6.7076573e-01
   7.3228125e+04   6.7097241e-01
   7.3361875e+04   6.7117908e-01
   7.3495625e+04   6.7128242e-01
   7.3629375e+04   6.7179911e-01
   7.3763125e+04   6.7200579e-01
   7.3896875e+04   6.7210912e-01
   7.4030625e+04   6.7272915e-01
   7.4164375e+04   6.7283249e-01
   7.4298125e+04   6.7314250e-01
   7.4431875e+04   6.7324584e-01
   7.4565625e+04   6.7365919e-01
   7.4699375e+04   6.7427922e-01
   7.4833125e+04   6.7448589e-01
   7.4966875e+04   6.7458923e-01
   7.5100625e+04   6.7469257e-01
   7.5234375e+04   6.7479591e-01
   7.5368125e+04   6.7510592e-01
   7.5501875e+04   6.7520926e-01
   7.5635625e+04   6.7541593e-01
   7.5769375e+04   6.7562261e-01
   7.5903125e+04   6.7572595e-01
   7.6036875e+04   6.7582929e-01
   7.6304375e+04   6.7593262e-01
   7.6438125e+04   6.7613930e-01
   7.6571875e+04   6.7634597e-01
   7.6705625e+04   6.7644931e-01
   7.6973125e+04   6.7655265e-01
   7.7106875e+04   6.7675933e-01
   7.7240625e+04   6.7717268e-01
   7.7374375e+04   6.7737935e-01
   7.7508125e+04   6.7758603e-01
   7.7641875e+04   6.7768937e-01
   7.7775625e+04   6.7789604e-01
   7.7909375e+04   6.7799938e-01
   7.8043125e+04   6.7820606e-01
   7.8310625e+04   6.7861941e-01
   7.8444375e+04   6.7872274e-01
   7.8578125e+04   6.7903276e-01
   7.8711875e+04   6.7965278e-01
   7.8845625e+04   6.8006614e-01
   7.8979375e+04   6.8027281e-01
   7.9113125e+04   6.8037615e-01
   7.9246875e+04   6.8078950e-01
   7.9380625e+04   6.8109951e-01
   7.9514375e+04   6.8171954e-01
   8.0049375e+04   6.8192622e-01
   8.0183125e+04   6.8213289e-01
   8.0316875e+04   6.8223623e-01
   8.0450625e+04   6.8233957e-01
   8.0584375e+04   6.8254624e-01
   8.0718125e+04   6.8295959e-01
   8.0851875e+04   6.8306293e-01
   8.0985625e+04   6.8316627e-01
   8.1119375e+04   6.8326961e-01
   8.1386875e+04   6.8337295e-01
   8.1520625e+04   6.8347628e-01
   8.1654375e+04   6.8378630e-01
   8.1788125e+04   6.8388964e-01
   8.1921875e+04   6.8440632e-01
   8.2055625e+04   6.8450966e-01
   8.2189375e+04   6.8471634e-01
   8.2323125e+04   6.8523303e-01
   8.2590625e+04   6.8533636e-01
   8.2724375e+04   6.8554304e-01
   8.2858125e+04   6.8585305e-01
   8.3125625e+04   6.8616307e-01
   8.3259375e+04   6.8626640e-01
   8.3393125e+04   6.8657642e-01
   8.3526875e+04   6.8667976e-01
   8.3660625e+04   6.8688643e-01
   8.3794375e+04   6.8709311e-01
   8.3928125e+04   6.8729978e-01
   8.4061875e+04   6.8771313e-01
   8.4195625e+04   6.8781647e-01
   8.4329375e+04   6.8791981e-01
   8.4463125e+04   6.8822982e-01
   8.4596875e+04   6.8874651e-01
   8.4730625e+04   6.8926320e-01
   8.4864375e+04   6.8946988e-01
   8.4998125e+04   6.8967655e-01
   8.5131875e+04   6.8988323e-01
   8.5265625e+04   6.9060659e-01
   8.5399375e+04   6.9070993e-01
   8.5533125e+04   6.9112328e-01
   8.5666875e+04   6.9122662e-01
   8.5800625e+04   6.9143330e-01
   8.5934375e+04   6.9174331e-01
   8.6068125e+04   6.9236334e-01
   8.6201875e+04   6.9246667e-01
   8.6335625e+04   6.9288002e-01
   8.6469375e+04   6.9339671e-01
   8.6603125e+04   6.9350005e-01
   8.6736875e+04   6.9360339e-01
   8.6870625e+04   6.9370673e-01
   8.7004375e+04   6.9381007e-01
   8.7138125e+04   6.9401674e-01
   8.7271875e+04   6.9412008e-01
   8.7405625e+04   6.9422342e-01
   8.7673125e+04   6.9443009e-01
   8.7806875e+04   6.9484344e-01
   8.7940625e+04   6.9494678e-01
   8.8074375e+04   6.9525679e-01
   8.8208125e+04   6.9546347e-01
   8.8341875e+04   6.9556681e-01
   8.8475625e+04   6.9587682e-01
   8.8609375e+04   6.9608350e-01
   8.8743125e+04   6.9649685e-01
   8.8876875e+04   6.9670352e-01
   8.9010625e+04   6.9711688e-01
   8.9144375e+04   6.9742689e-01
   8.9278125e+04   6.9753023e-01
   8.9411875e+04   6.9773690e-01
   8.9679375e+04   6.9804692e-01
   8.9946875e+04   6.9825359e-01
   9.0080625e+04   6.9835693e-01
   9.0214375e+04   6.9846027e-01
   9.0348125e+04   6.9856360e-01
   9.0481875e+04   6.9866694e-01
   9.0615625e+04   6.9877028e-01
   9.0749375e+04   6.9887362e-01
   9.0883125e+04   6.9918363e-01
   9.1016875e+04   6.9949364e-01
   9.1150625e+04   7.0001033e-01
   9.1284375e+04   7.0032035e-01
   9.1418125e+04   7.0052702e-01
   9.1551875e+04   7.0094037e-01
   9.1685625e+04   7.0104371e-01
   9.1819375e+04   7.0125039e-01
   9.1953125e+04   7.0145706e-01
   9.2220625e+04   7.0176708e-01
   9.2354375e+04   7.0197375e-01
   9.2621875e+04   7.0207709e-01
   9.2755625e+04   7.0218043e-01
   9.2889375e+04   7.0238710e-01
   9.3023125e+04   7.0249044e-01
   9.3156875e+04   7.0280045e-01
   9.3290625e+04   7.0321381e-01
   9.3691875e+04   7.0352382e-01
   9.3825625e+04   7.0373049e-01
   9.3959375e+04   7.0424718e-01
   9.4093125e+04   7.0455720e-01
   9.4226875e+04   7.0466054e-01
   9.4360625e+04   7.0538390e-01
   9.4494375e+04   7.0548724e-01
   9.4628125e+04   7.0559058e-01
   9.4761875e+04   7.0579725e-01
   9.4895625e+04   7.0600393e-01
   9.5029375e+04   7.0621060e-01
   9.5163125e+04   7.0631394e-01
   9.5564375e+04   7.0662395e-01
   9.5831875e+04   7.0672729e-01
   9.5965625e+04   7.0683063e-01
   9.6099375e+04   7.0703730e-01
   9.6233125e+04   7.0714064e-01
   9.6500625e+04   7.0724398e-01
   9.6634375e+04   7.0734732e-01
   9.6768125e+04   7.0745066e-01
   9.6901875e+04   7.0755399e-01
   9.7035625e+04   7.0765733e-01
   9.7169375e+04   7.0796735e-01
   9.7303125e+04   7.0838070e-01
   9.7436875e+04   7.0848403e-01
   9.7570625e+04   7.0858737e-01
   9.7704375e+04   7.0879405e-01
   9.7838125e+04   7.0910406e-01
   9.7971875e+04   7.0920740e-01
   9.8105625e+04   7.0941407e-01
   9.8239375e+04   7.0993076e-01
   9.8373125e+04   7.1003410e-01
   9.8506875e+04   7.1013744e-01
   9.8640625e+04   7.1034411e-01
   9.8774375e+04   7.1075747e-01
   9.8908125e+04   7.1106748e-01
   9.9041875e+04   7.1148083e-01
   9.9309375e+04   7.1189418e-01
   9.9443125e+04   7.1210086e-01
   9.9576875e+04   7.1251421e-01
   9.9710625e+04   7.1282422e-01
   9.9844375e+04   7.1292756e-01
   9.9978125e+04   7.1313424e-01
   1.0011188e+05   7.1334091e-01
   1.0024562e+05   7.1344425e-01
   1.0051312e+05   7.1365092e-01
   1.0064688e+05   7.1375426e-01
   1.0078062e+05   7.1396094e-01
   1.0091438e+05   7.1416761e-01
   1.0104812e+05   7.1437429e-01
   1.0118188e+05   7.1447763e-01
   1.0131562e+05   7.1489098e-01
   1.0144938e+05   7.1520099e-01
   1.0158312e+05   7.1561434e-01
   1.0171688e+05   7.1571768e-01
   1.0185062e+05   7.1613103e-01
   1.0198438e+05   7.1644105e-01
   1.0211812e+05   7.1654438e-01
   1.0225188e+05   7.1685440e-01
   1.0238562e+05   7.1695773e-01
   1.0251938e+05   7.1706107e-01
   1.0265312e+05   7.1737109e-01
   1.0278688e+05   7.1747442e-01
   1.0292062e+05   7.1768110e-01
   1.0305438e+05   7.1778444e-01
   1.0318812e+05   7.1819779e-01
   1.0332188e+05   7.1830113e-01
   1.0345562e+05   7.1861114e-01
   1.0358938e+05   7.1871448e-01
   1.0372312e+05   7.1912783e-01
   1.0399062e+05   7.1954118e-01
   1.0412438e+05   7.1985119e-01
   1.0425812e+05   7.1995453e-01
   1.0452562e+05   7.2026454e-01
   1.0465938e+05   7.2036788e-01
   1.0479312e+05   7.2067790e-01
   1.0492688e+05   7.2109125e-01
   1.0519438e+05   7.2119459e-01
   1.0532812e+05   7.2129792e-01
   1.0546188e+05   7.2140126e-01
   1.0559562e+05   7.2150460e-01
   1.0586312e+05   7.2181461e-01
   1.0599688e+05   7.2202129e-01
   1.0613062e+05   7.2212463e-01
   1.0626438e+05   7.2253798e-01
   1.0639812e+05   7.2305467e-01
   1.0653188e+05   7.2315800e-01
   1.0666562e+05   7.2326134e-01
   1.0679938e+05   7.2346802e-01
   1.0693312e+05   7.2377803e-01
   1.0706688e+05   7.2388137e-01
   1.0720062e+05   7.2408804e-01
   1.0733438e+05   7.2429472e-01
   1.0746812e+05   7.2470807e-01
   1.0760188e+05   7.2481141e-01
   1.0773562e+05   7.2491475e-01
   1.0786938e+05   7.2512142e-01
   1.0813688e+05   7.2532810e-01
   1.0827062e+05   7.2574145e-01
   1.0840438e+05   7.2594812e-01
   1.0867188e+05   7.2615480e-01
   1.0880562e+05   7.2625814e-01
   1.0893938e+05   7.2636148e-01
   1.0920688e+05   7.2667149e-01
   1.0934062e+05   7.2677483e-01
   1.0947438e+05   7.2687816e-01
   1.0960812e+05   7.2698150e-01
   1.0974188e+05   7.2708484e-01
   1.0987562e+05   7.2739485e-01
   1.1000938e+05   7.2760153e-01
   1.1027688e+05   7.2770487e-01
   1.1041062e+05   7.2780821e-01
   1.1067812e+05   7.2791154e-01
   1.1081188e+05   7.2822156e-01
   1.1094562e+05   7.2832489e-01
   1.1107938e+05   7.2842823e-01
   1.1121312e+05   7.2873825e-01
   1.1148062e+05   7.2904826e-01
   1.1161438e+05   7.2935827e-01
   1.1174812e+05   7.2946161e-01
   1.1188188e+05   7.2956495e-01
   1.1201562e+05   7.2977162e-01
   1.1214938e+05   7.2997830e-01
   1.1241688e+05   7.3018497e-01
   1.1255062e+05   7.3028831e-01
   1.1268438e+05   7.3049499e-01
   1.1281812e+05   7.3090834e-01
   1.1295188e+05   7.3111501e-01
   1.1308562e+05   7.3121835e-01
   1.1321938e+05   7.3132169e-01
   1.1348688e+05   7.3163170e-01
   1.1362062e+05   7.3173504e-01
   1.1388812e+05   7.3183838e-01
   1.1415562e+05   7.3214839e-01
   1.1428938e+05   7.3225173e-01
   1.1455688e+05   7.3235507e-01
   1.1482438e+05   7.3256174e-01
   1.1495812e+05   7.3287176e-01
   1.1509188e+05   7.3318177e-01
   1.1522562e+05   7.3328511e-01
   1.1535938e+05   7.3338845e-01
   1.1549312e+05   7.3349178e-01
   1.1562688e+05   7.3390514e-01
   1.1589438e+05   7.3400847e-01
   1.1602812e+05   7.3431849e-01
   1.1616188e+05   7.3452516e-01
   1.1629562e+05   7.3462850e-01
   1.1642938e+05   7.3473184e-01
   1.1656312e+05   7.3493851e-01
   1.1669688e+05   7.3514519e-01
   1.1683062e+05   7.3535187e-01
   1.1696438e+05   7.3545520e-01
   1.1709812e+05   7.3566188e-01
   1.1723188e+05   7.3586855e-01
   1.1736562e+05   7.3597189e-01
   1.1749938e+05   7.3607523e-01
   1.1776688e+05   7.3628191e-01
   1.1790062e+05   7.3648858e-01
   1.1803438e+05   7.3679859e-01
   1.1830188e+05   7.3700527e-01
   1.1843562e+05   7.3710861e-01
   1.1856938e+05   7.3721195e-01
   1.1870312e+05   7.3752196e-01
   1.1883688e+05   7.3772863e-01
   1.1897062e+05   7.3793531e-01
   1.1923812e+05   7.3803865e-01
   1.1937188e+05   7.3814199e-01
   1.1950562e+05   7.3824532e-01
   1.1977312e+05   7.3845200e-01
   1.1990688e+05   7.3886535e-01
   1.2030812e+05   7.3896869e-01
   1.2057562e+05   7.3917536e-01
   1.2070938e+05   7.3927870e-01
   1.2084312e+05   7.3948538e-01
   1.2111062e+05   7.3958872e-01
   1.2124438e+05   7.3969205e-01
   1.2137812e+05   7.3979539e-01
   1.2151188e+05   7.4020874e-01
   1.2164562e+05   7.4031208e-01
   1.2177938e+05   7.4051876e-01
   1.2204688e+05   7.4062209e-01
   1.2218062e+05   7.4082877e-01
   1.2231438e+05   7.4093211e-01
   1.2258188e+05   7.4103544e-01
   1.2271562e+05   7.4113878e-01
   1.2284938e+05   7.4134546e-01
   1.2298312e+05   7.4144880e-01
   1.2311688e+05   7.4155213e-01
   1.2325062e+05   7.4165547e-01
   1.2338438e+05   7.4196549e-01
   1.2351812e+05   7.4206882e-01
   1.2365188e+05   7.4227550e-01
   1.2391938e+05   7.4237884e-01
   1.2405312e+05   7.4268885e-01
   1.2418688e+05   7.4299886e-01
   1.2432062e+05   7.4330888e-01
   1.2445438e+05   7.4341221e-01
   1.2472188e+05   7.4351555e-01
   1.2485562e+05   7.4372223e-01
   1.2512312e+05   7.4413558e-01
   1.2525688e+05   7.4444559e-01
   1.2539062e+05   7.4454893e-01
   1.2552438e+05   7.4496228e-01
   1.2565812e+05   7.4506562e-01
   1.2579188e+05   7.4527230e-01
   1.2592562e+05   7.4547897e-01
   1.2605938e+05   7.4558231e-01
   1.2619312e+05   7.4568565e-01
   1.2632688e+05   7.4578898e-01
   1.2646062e+05   7.4589232e-01
   1.2659438e+05   7.4599566e-01
   1.2699562e+05   7.4609900e-01
   1.2753062e+05   7.4620234e-01
   1.2766438e+05   7.4630567e-01
   1.2793188e+05   7.4651235e-01
   1.2819938e+05   7.4661569e-01
   1.2846688e+05   7.4702904e-01
   1.2873438e+05   7.4733905e-01
   1.2886812e+05   7.4744239e-01
   1.2900188e+05   7.4754573e-01
   1.2913562e+05   7.4764906e-01
   1.2940312e+05   7.4775240e-01
   1.2953688e+05   7.4795908e-01
   1.2967062e+05   7.4806242e-01
   1.2980438e+05   7.4816575e-01
   1.3033938e+05   7.4837243e-01
   1.3047312e+05   7.4847577e-01
   1.3060688e+05   7.4878578e-01
   1.3074062e+05   7.4888912e-01
   1.3087438e+05   7.4909579e-01
   1.3100812e+05   7.4919913e-01
   1.3114188e+05   7.4950915e-01
   1.3127562e+05   7.4961248e-01
   1.3140938e+05   7.4971582e-01
   1.3154312e+05   7.4981916e-01
   1.3194438e+05   7.4992250e-01
   1.3207812e+05   7.5002583e-01
   1.3247938e+05   7.5012917e-01
   1.3261312e+05   7.5023251e-01
   1.3274688e+05   7.5033585e-01
   1.3301438e+05   7.5043919e-01
   1.3328188e+05   7.5064586e-01
   1.3354938e+05   7.5074920e-01
   1.3368312e+05   7.5105921e-01
   1.3381688e+05   7.5126589e-01
   1.3408438e+05   7.5136923e-01
   1.3461938e+05   7.5167924e-01
   1.3475312e+05   7.5178258e-01
   1.3488688e+05   7.5219593e-01
   1.3515438e+05   7.5240260e-01
   1.3528812e+05   7.5271262e-01
   1.3582312e+05   7.5281596e-01
   1.3609062e+05   7.5291929e-01
   1.3622438e+05   7.5302263e-01
   1.3635812e+05   7.5312597e-01
   1.3649188e+05   7.5333264e-01
   1.3675938e+05   7.5343598e-01
   1.3689312e+05   7.5353932e-01
   1.3702688e+05   7.5364266e-01
   1.3716062e+05   7.5384933e-01
   1.3729438e+05   7.5395267e-01
   1.3742812e+05   7.5426268e-01
   1.3769562e+05   7.5446936e-01
   1.3796312e+05   7.5457270e-01
   1.3809688e+05   7.5477937e-01
   1.3823062e+05   7.5488271e-01
   1.3836438e+05   7.5498605e-01
   1.3863188e+05   7.5508939e-01
   1.3876562e+05   7.5519273e-01
   1.3889938e+05   7.5560608e-01
   1.3903312e+05   7.5591609e-01
   1.3930062e+05   7.5601943e-01
   1.3943438e+05   7.5632944e-01
   1.3956812e+05   7.5643278e-01
   1.3970188e+05   7.5653612e-01
   1.3996938e+05   7.5663945e-01
   1.4023688e+05   7.5705281e-01
   1.4037062e+05   7.5725948e-01
   1.4050438e+05   7.5736282e-01
   1.4063812e+05   7.5756949e-01
   1.4077188e+05   7.5767283e-01
   1.4090562e+05   7.5787951e-01
   1.4117312e+05   7.5829286e-01
   1.4130688e+05   7.5839620e-01
   1.4157438e+05   7.5860287e-01
   1.4170812e+05   7.5870621e-01
   1.4184188e+05   7.5880955e-01
   1.4224312e+05   7.5901622e-01
   1.4237688e+05   7.5922290e-01
   1.4251062e+05   7.5932624e-01
   1.4264438e+05   7.5953291e-01
   1.4277812e+05   7.5963625e-01
   1.4291188e+05   7.5984293e-01
   1.4317938e+05   7.5994626e-01
   1.4331312e+05   7.6015294e-01
   1.4371438e+05   7.6025628e-01
   1.4384812e+05   7.6046295e-01
   1.4424938e+05   7.6056629e-01
   1.4451688e+05   7.6066963e-01
   1.4465062e+05   7.6087630e-01
   1.4478438e+05   7.6108298e-01
   1.4491812e+05   7.6139299e-01
   1.4505188e+05   7.6149633e-01
   1.4518562e+05   7.6190968e-01
   1.4545312e+05   7.6201302e-01
   1.4572062e+05   7.6211636e-01
   1.4585438e+05   7.6221970e-01
   1.4598812e+05   7.6242637e-01
   1.4612188e+05   7.6263305e-01
   1.4665688e+05   7.6273639e-01
   1.4679062e+05   7.6283972e-01
   1.4692438e+05   7.6294306e-01
   1.4719188e+05   7.6304640e-01
   1.4732562e+05   7.6314974e-01
   1.4759312e+05   7.6325307e-01
   1.4772688e+05   7.6335641e-01
   1.4786062e+05   7.6345975e-01
   1.4812812e+05   7.6356309e-01
   1.4852938e+05   7.6366643e-01
   1.4879688e+05   7.6387310e-01
   1.4893062e+05   7.6397644e-01
   1.4919812e+05   7.6407978e-01
   1.4973312e+05   7.6428645e-01
   1.5013438e+05   7.6438979e-01
   1.5040188e+05   7.6459647e-01
   1.5093688e+05   7.6480314e-01
   1.5107062e+05   7.6490648e-01
   1.5160562e+05   7.6511315e-01
   1.5173938e+05   7.6521649e-01
   1.5187312e+05   7.6542317e-01
   1.5214062e+05   7.6562984e-01
   1.5227438e+05   7.6583652e-01
   1.5240812e+05   7.6604320e-01
   1.5254188e+05   7.6614653e-01
   1.5267562e+05   7.6645655e-01
   1.5280938e+05   7.6655988e-01
   1.5307688e+05   7.6676656e-01
   1.5321062e+05   7.6697324e-01
   1.5334438e+05   7.6728325e-01
   1.5374562e+05   7.6759326e-01
   1.5401312e+05   7.6769660e-01
   1.5428062e+05   7.6779994e-01
   1.5441438e+05   7.6790328e-01
   1.5454812e+05   7.6800661e-01
   1.5468188e+05   7.6810995e-01
   1.5494938e+05   7.6821329e-01
   1.5508312e+05   7.6831663e-01
   1.5521688e+05   7.6852330e-01
   1.5561812e+05   7.6872998e-01
   1.5575188e+05   7.6883332e-01
   1.5601938e+05   7.6893665e-01
   1.5628688e+05   7.6935001e-01
   1.5642062e+05   7.6945334e-01
   1.5655438e+05   7.6955668e-01
   1.5695562e+05   7.6966002e-01
   1.5708938e+05   7.6976336e-01
   1.5762438e+05   7.6986669e-01
   1.5775812e+05   7.6997003e-01
   1.5789188e+05   7.7028005e-01
   1.5815938e+05   7.7038338e-01
   1.5829312e+05   7.7048672e-01
   1.5842688e+05   7.7059006e-01
   1.5869438e+05   7.7069340e-01
   1.5882812e+05   7.7090007e-01
   1.5909562e+05   7.7110675e-01
   1.5922938e+05   7.7121009e-01
   1.5936312e+05   7.7131342e-01
   1.5949688e+05   7.7162344e-01
   1.5963062e+05   7.7172677e-01
   1.6016562e+05   7.7183011e-01
   1.6029938e+05   7.7203679e-01
   1.6043312e+05   7.7214013e-01
   1.6056688e+05   7.7234680e-01
   1.6070062e+05   7.7245014e-01
   1.6096812e+05   7.7265682e-01
   1.6110188e+05   7.7286349e-01
   1.6123562e+05   7.7307017e-01
   1.6136938e+05   7.7327684e-01
   1.6150312e+05   7.7338018e-01
   1.6163688e+05   7.7348352e-01
   1.6190438e+05   7.7369019e-01
   1.6203812e+05   7.7400021e-01
   1.6230562e+05   7.7410354e-01
   1.6257312e+05   7.7420688e-01
   1.6270688e+05   7.7451690e-01
   1.6284062e+05   7.7462023e-01
   1.6310812e+05   7.7472357e-01
   1.6324188e+05   7.7482691e-01
   1.6364312e+05   7.7493025e-01
   1.6377688e+05   7.7513692e-01
   1.6391062e+05   7.7534360e-01
   1.6404438e+05   7.7544694e-01
   1.6444562e+05   7.7555027e-01
   1.6471312e+05   7.7586029e-01
   1.6498062e+05   7.7596363e-01
   1.6511438e+05   7.7606696e-01
   1.6524812e+05   7.7627364e-01
   1.6618438e+05   7.7648031e-01
   1.6658562e+05   7.7668699e-01
   1.6685312e+05   7.7679033e-01
   1.6738812e+05   7.7689367e-01
   1.6765562e+05   7.7699700e-01
   1.6778938e+05   7.7710034e-01
   1.6805688e+05   7.7730702e-01
   1.6819062e+05   7.7751369e-01
   1.6832438e+05   7.7761703e-01
   1.6859188e+05   7.7772037e-01
   1.6885938e+05   7.7782371e-01
   1.6899312e+05   7.7803038e-01
   1.6939438e+05   7.7823706e-01
   1.6966188e+05   7.7844373e-01
   1.6979562e+05   7.7854707e-01
   1.6992938e+05   7.7865041e-01
   1.7019688e+05   7.7896042e-01
   1.7033062e+05   7.7916710e-01
   1.7046438e+05   7.7927044e-01
   1.7059812e+05   7.7937377e-01
   1.7073188e+05   7.7947711e-01
   1.7126688e+05   7.7958045e-01
   1.7140062e+05   7.7968379e-01
   1.7153438e+05   7.7978712e-01
   1.7166812e+05   7.7989046e-01
   1.7193562e+05   7.7999380e-01
   1.7220312e+05   7.8030381e-01
   1.7233688e+05   7.8040715e-01
   1.7260438e+05   7.8051049e-01
   1.7287188e+05   7.8061383e-01
   1.7313938e+05   7.8071716e-01
   1.7340688e+05   7.8082050e-01
   1.7354062e+05   7.8102718e-01
   1.7380812e+05   7.8113052e-01
   1.7420938e+05   7.8164720e-01
   1.7447688e+05   7.8175054e-01
   1.7461062e+05   7.8185388e-01
   1.7474438e+05   7.8206056e-01
   1.7501188e+05   7.8216389e-01
   1.7527938e+05   7.8237057e-01
   1.7568062e+05   7.8247391e-01
   1.7581438e+05   7.8268058e-01
   1.7594812e+05   7.8278392e-01
   1.7621562e+05   7.8288726e-01
   1.7634938e+05   7.8309393e-01
   1.7648312e+05   7.8330061e-01
   1.7675062e+05   7.8340395e-01
   1.7741938e+05   7.8350729e-01
   1.7755312e+05   7.8361062e-01
   1.7768688e+05   7.8371396e-01
   1.7782062e+05   7.8381730e-01
   1.7822188e+05   7.8392064e-01
   1.7835562e+05   7.8402397e-01
   1.7848938e+05   7.8412731e-01
   1.7875688e+05   7.8423065e-01
   1.7929188e+05   7.8433399e-01
   1.7955938e+05   7.8443733e-01
   1.7969312e+05   7.8454066e-01
   1.7996062e+05   7.8464400e-01
   1.8009438e+05   7.8474734e-01
   1.8036188e+05   7.8485068e-01
   1.8062938e+05   7.8505735e-01
   1.8076312e+05   7.8526403e-01
   1.8116438e+05   7.8536737e-01
   1.8143188e+05   7.8547070e-01
   1.8183312e+05   7.8557404e-01
   1.8236812e+05   7.8588405e-01
   1.8250188e+05   7.8609073e-01
   1.8263562e+05   7.8619407e-01
   1.8290312e+05   7.8629741e-01
   1.8303688e+05   7.8640074e-01
   1.8317062e+05   7.8681410e-01
   1.8330438e+05   7.8702077e-01
   1.8370562e+05   7.8712411e-01
   1.8397312e+05   7.8722745e-01
   1.8424062e+05   7.8733078e-01
   1.8437438e+05   7.8743412e-01
   1.8477562e+05   7.8753746e-01
   1.8490938e+05   7.8774414e-01
   1.8517688e+05   7.8784747e-01
   1.8531062e+05   7.8795081e-01
   1.8571188e+05   7.8805415e-01
   1.8584562e+05   7.8815749e-01
   1.8597938e+05   7.8826082e-01
   1.8611312e+05   7.8836416e-01
   1.8638062e+05   7.8846750e-01
   1.8651438e+05   7.8857084e-01
   1.8691562e+05   7.8867418e-01
   1.8704938e+05   7.8877751e-01
   1.8731688e+05   7.8888085e-01
   1.8758438e+05   7.8908753e-01
   1.8771812e+05   7.8919086e-01
   1.8811938e+05   7.8929420e-01
   1.8838688e+05   7.8939754e-01
   1.8852062e+05   7.8950088e-01
   1.8865438e+05   7.8960422e-01
   1.8892188e+05   7.8970755e-01
   1.8918938e+05   7.8981089e-01
   1.8945688e+05   7.9001757e-01
   1.8972438e+05   7.9012091e-01
   1.8985812e+05   7.9043092e-01
   1.9012562e+05   7.9053426e-01
   1.9025938e+05   7.9074093e-01
   1.9039312e+05   7.9084427e-01
   1.9106188e+05   7.9105095e-01
   1.9132938e+05   7.9115428e-01
   1.9146312e+05   7.9136096e-01
   1.9159688e+05   7.9146430e-01
   1.9173062e+05   7.9156763e-01
   1.9199812e+05   7.9177431e-01
   1.9226562e+05   7.9187765e-01
   1.9239938e+05   7.9198099e-01
   1.9266688e+05   7.9229100e-01
   1.9280062e+05   7.9239434e-01
   1.9387062e+05   7.9249767e-01
   1.9427188e+05   7.9270435e-01
   1.9440562e+05   7.9280769e-01
   1.9453938e+05   7.9291103e-01
   1.9480688e+05   7.9311770e-01
   1.9494062e+05   7.9332438e-01
   1.9507438e+05   7.9353105e-01
   1.9547562e+05   7.9363439e-01
   1.9560938e+05   7.9373773e-01
   1.9574312e+05   7.9384107e-01
   1.9601062e+05   7.9404774e-01
   1.9614438e+05   7.9415108e-01
   1.9641188e+05   7.9425442e-01
   1.9694688e+05   7.9435776e-01
   1.9734812e+05   7.9446109e-01
   1.9748188e+05   7.9456443e-01
   1.9801688e+05   7.9477111e-01
   1.9815062e+05   7.9497778e-01
   1.9828438e+05   7.9508112e-01
   1.9881938e+05   7.9528780e-01
   1.9908688e+05   7.9539113e-01
   1.9922062e+05   7.9559781e-01
   1.9935438e+05   7.9570115e-01
   1.9975562e+05   7.9590782e-01
   1.9988938e+05   7.9601116e-01
   2.0029062e+05   7.9621784e-01
   2.0069188e+05   7.9632117e-01
   2.0082562e+05   7.9642451e-01
   2.0095938e+05   7.9663119e-01
   2.0122688e+05   7.9673453e-01
   2.0136062e+05   7.9694120e-01
   2.0149438e+05   7.9704454e-01
   2.0162812e+05   7.9714788e-01
   2.0176188e+05   7.9745789e-01
   2.0216312e+05   7.9766457e-01
   2.0283188e+05   7.9787124e-01
   2.0296562e+05   7.9807792e-01
   2.0309938e+05   7.9828459e-01
   2.0323312e+05   7.9838793e-01
   2.0336688e+05   7.9849127e-01
   2.0350062e+05   7.9869794e-01
   2.0390188e+05   7.9880128e-01
   2.0430312e+05   7.9890462e-01
   2.0470438e+05   7.9900796e-01
   2.0483812e+05   7.9911129e-01
   2.0577438e+05   7.9921463e-01
   2.0604188e+05   7.9942131e-01
   2.0671062e+05   7.9952465e-01
   2.0724562e+05   7.9962798e-01
   2.0737938e+05   7.9973132e-01
   2.0764688e+05   7.9993800e-01
   2.0831562e+05   8.0004134e-01
   2.0858312e+05   8.0024801e-01
   2.0871688e+05   8.0035135e-01
   2.0885062e+05   8.0045469e-01
   2.0911812e+05   8.0066136e-01
   2.0925188e+05   8.0086804e-01
   2.0951938e+05   8.0097138e-01
   2.0978688e+05   8.0117805e-01
   2.1005438e+05   8.0128139e-01
   2.1032188e+05   8.0138473e-01
   2.1045562e+05   8.0159140e-01
   2.1058938e+05   8.0179808e-01
   2.1072312e+05   8.0190142e-01
   2.1085688e+05   8.0200475e-01
   2.1112438e+05   8.0210809e-01
   2.1125812e+05   8.0221143e-01
   2.1179312e+05   8.0231477e-01
   2.1206062e+05   8.0241810e-01
   2.1232812e+05   8.0252144e-01
   2.1246188e+05   8.0262478e-01
   2.1259562e+05   8.0272812e-01
   2.1286312e+05   8.0283146e-01
   2.1326438e+05   8.0293479e-01
   2.1353188e+05   8.0324481e-01
   2.1379938e+05   8.0334815e-01
   2.1406688e+05   8.0345148e-01
   2.1433438e+05   8.0365816e-01
   2.1446812e+05   8.0386483e-01
   2.1473562e+05   8.0396817e-01
   2.1540438e+05   8.0407151e-01
   2.1567188e+05   8.0417485e-01
   2.1580562e+05   8.0427819e-01
   2.1593938e+05   8.0448486e-01
   2.1607312e+05   8.0469154e-01
   2.1647438e+05   8.0500155e-01
   2.1660812e+05   8.0510489e-01
   2.1700938e+05   8.0520823e-01
   2.1741062e+05   8.0531156e-01
   2.1767812e+05   8.0541490e-01
   2.1781188e+05   8.0562158e-01
   2.1807938e+05   8.0572491e-01
   2.1861438e+05   8.0582825e-01
   2.1888188e+05   8.0603493e-01
   2.1955062e+05   8.0613827e-01
   2.1995188e+05   8.0624160e-01
   2.2008562e+05   8.0634494e-01
   2.2048688e+05   8.0644828e-01
   2.2075438e+05   8.0665496e-01
   2.2088812e+05   8.0675829e-01
   2.2102188e+05   8.0696497e-01
   2.2115562e+05   8.0706831e-01
   2.2155688e+05   8.0717164e-01
   2.2249312e+05   8.0727498e-01
   2.2262688e+05   8.0748166e-01
   2.2276062e+05   8.0768833e-01
   2.2316188e+05   8.0779167e-01
   2.2329562e+05   8.0810168e-01
   2.2356312e+05   8.0830836e-01
   2.2396438e+05   8.0841170e-01
   2.2409812e+05   8.0872171e-01
   2.2423188e+05   8.0892839e-01
   2.2436562e+05   8.0913506e-01
   2.2449938e+05   8.0923840e-01
   2.2476688e+05   8.0944508e-01
   2.2530188e+05   8.0965175e-01
   2.2570312e+05   8.0975509e-01
   2.2583688e+05   8.0985843e-01
   2.2597062e+05   8.0996177e-01
   2.2637188e+05   8.1006510e-01
   2.2650562e+05   8.1016844e-01
   2.2704062e+05   8.1027178e-01
   2.2744188e+05   8.1037512e-01
   2.2757562e+05   8.1047845e-01
   2.2770938e+05   8.1058179e-01
   2.2797688e+05   8.1068513e-01
   2.2837812e+05   8.1089181e-01
   2.2851188e+05   8.1099514e-01
   2.2864562e+05   8.1109848e-01
   2.2877938e+05   8.1120182e-01
   2.2904688e+05   8.1130516e-01
   2.2918062e+05   8.1140849e-01
   2.2931438e+05   8.1151183e-01
   2.2958188e+05   8.1161517e-01
   2.2984938e+05   8.1171851e-01
   2.2998312e+05   8.1182185e-01
   2.3011688e+05   8.1192518e-01
   2.3038438e+05   8.1213186e-01
   2.3078562e+05   8.1223520e-01
   2.3105312e+05   8.1233853e-01
   2.3158812e+05   8.1244187e-01
   2.3185562e+05   8.1264855e-01
   2.3212312e+05   8.1275189e-01
   2.3239062e+05   8.1285522e-01
   2.3252438e+05   8.1295856e-01
   2.3292562e+05   8.1316524e-01
   2.3305938e+05   8.1337191e-01
   2.3332688e+05   8.1347525e-01
   2.3359438e+05   8.1357859e-01
   2.3372812e+05   8.1368193e-01
   2.3426312e+05   8.1399194e-01
   2.3439688e+05   8.1409528e-01
   2.3546688e+05   8.1419862e-01
   2.3560062e+05   8.1430195e-01
   2.3573438e+05   8.1450863e-01
   2.3626938e+05   8.1461197e-01
   2.3640312e+05   8.1481864e-01
   2.3693812e+05   8.1492198e-01
   2.3707188e+05   8.1502532e-01
   2.3720562e+05   8.1533533e-01
   2.3760688e+05   8.1543867e-01
   2.3814188e+05   8.1554201e-01
   2.3840938e+05   8.1564534e-01
   2.3854312e+05   8.1574868e-01
   2.3934562e+05   8.1595536e-01
   2.3947938e+05   8.1605870e-01
   2.3961312e+05   8.1616203e-01
   2.4054938e+05   8.1647205e-01
   2.4068312e+05   8.1657538e-01
   2.4081688e+05   8.1667872e-01
   2.4121812e+05   8.1678206e-01
   2.4135188e+05   8.1698874e-01
   2.4175312e+05   8.1709207e-01
   2.4188688e+05   8.1729875e-01
   2.4202062e+05   8.1740209e-01
   2.4215438e+05   8.1750543e-01
   2.4255562e+05   8.1771210e-01
   2.4268938e+05   8.1781544e-01
   2.4295688e+05   8.1791878e-01
   2.4309062e+05   8.1802211e-01
   2.4322438e+05   8.1822879e-01
   2.4335812e+05   8.1833213e-01
   2.4362562e+05   8.1853880e-01
   2.4389312e+05   8.1884882e-01
   2.4402688e+05   8.1895215e-01
   2.4416062e+05   8.1905549e-01
   2.4442812e+05   8.1915883e-01
   2.4456188e+05   8.1926217e-01
   2.4509688e+05   8.1946884e-01
   2.4523062e+05   8.1957218e-01
   2.4549812e+05   8.1967552e-01
   2.4576562e+05   8.1977886e-01
   2.4589938e+05   8.1988219e-01
   2.4603312e+05   8.1998553e-01
   2.4616688e+05   8.2008887e-01
   2.4683562e+05   8.2019221e-01
   2.4830688e+05   8.2029555e-01
   2.4844062e+05   8.2039888e-01
   2.4910938e+05   8.2050222e-01
   2.4924312e+05   8.2060556e-01
   2.4937688e+05   8.2070890e-01
   2.4977812e+05   8.2081224e-01
   2.5071438e+05   8.2091557e-01
   2.5084812e+05   8.2101891e-01
   2.5098188e+05   8.2112225e-01
   2.5138312e+05   8.2122559e-01
   2.5151688e+05   8.2132892e-01
   2.5178438e+05   8.2143226e-01
   2.5191812e+05   8.2163894e-01
   2.5205188e+05   8.2174228e-01
   2.5218562e+05   8.2184561e-01
   2.5245312e+05   8.2194895e-01
   2.5298812e+05   8.2215563e-01
   2.5325562e+05   8.2225896e-01
   2.5352312e+05   8.2236230e-01
   2.5379062e+05   8.2246564e-01
   2.5405812e+05   8.2256898e-01
   2.5445938e+05   8.2267232e-01
   2.5472688e+05   8.2277565e-01
   2.5526188e+05   8.2287899e-01
   2.5539562e+05   8.2308567e-01
   2.5552938e+05   8.2318900e-01
   2.5593062e+05   8.2329234e-01
   2.5633188e+05   8.2339568e-01
   2.5646562e+05   8.2370569e-01
   2.5659938e+05   8.2380903e-01
   2.5673312e+05   8.2391237e-01
   2.5686688e+05   8.2422238e-01
   2.5766938e+05   8.2432572e-01
   2.5780312e+05   8.2442906e-01
   2.5807062e+05   8.2453240e-01
   2.5820438e+05   8.2463573e-01
   2.5860562e+05   8.2473907e-01
   2.5914062e+05   8.2484241e-01
   2.5927438e+05   8.2494575e-01
   2.5940812e+05   8.2504909e-01
   2.5954188e+05   8.2525576e-01
   2.5967562e+05   8.2535910e-01
   2.5994312e+05   8.2546244e-01
   2.6007688e+05   8.2556577e-01
   2.6021062e+05   8.2566911e-01
   2.6047812e+05   8.2577245e-01
   2.6061188e+05   8.2587579e-01
   2.6074562e+05   8.2597913e-01
   2.6114688e+05   8.2628914e-01
   2.6128062e+05   8.2639248e-01
   2.6181562e+05   8.2649581e-01
   2.6208312e+05   8.2659915e-01
   2.6235062e+05   8.2670249e-01
   2.6275188e+05   8.2680583e-01
   2.6288562e+05   8.2690917e-01
   2.6382188e+05   8.2711584e-01
   2.6408938e+05   8.2732252e-01
   2.6435688e+05   8.2742586e-01
   2.6529312e+05   8.2752919e-01
   2.6542688e+05   8.2763253e-01
   2.6582812e+05   8.2783921e-01
   2.6609562e+05   8.2794254e-01
   2.6636312e+05   8.2804588e-01
   2.6649688e+05   8.2814922e-01
   2.6676438e+05   8.2825256e-01
   2.6689812e+05   8.2845923e-01
   2.6703188e+05   8.2856257e-01
   2.6716562e+05   8.2866591e-01
   2.6756688e+05   8.2876925e-01
   2.6796812e+05   8.2897592e-01
   2.6810188e+05   8.2907926e-01
   2.6930562e+05   8.2928594e-01
   2.6984062e+05   8.2949261e-01
   2.6997438e+05   8.2959595e-01
   2.7010812e+05   8.2980262e-01
   2.7024188e+05   8.3000930e-01
   2.7037562e+05   8.3011264e-01
   2.7050938e+05   8.3031931e-01
   2.7064312e+05   8.3042265e-01
   2.7077688e+05   8.3052599e-01
   2.7117812e+05   8.3062933e-01
   2.7144562e+05   8.3073267e-01
   2.7184688e+05   8.3083600e-01
   2.7251562e+05   8.3093934e-01
   2.7278312e+05   8.3104268e-01
   2.7291688e+05   8.3114602e-01
   2.7331812e+05   8.3124935e-01
   2.7345188e+05   8.3135269e-01
   2.7358562e+05   8.3145603e-01
   2.7425438e+05   8.3155937e-01
   2.7438812e+05   8.3166271e-01
   2.7452188e+05   8.3176604e-01
   2.7545812e+05   8.3186938e-01
   2.7585938e+05   8.3197272e-01
   2.7599312e+05   8.3207606e-01
   2.7626062e+05   8.3217939e-01
   2.7639438e+05   8.3228273e-01
   2.7652812e+05   8.3238607e-01
   2.7759812e+05   8.3248941e-01
   2.7799938e+05   8.3259275e-01
   2.7813312e+05   8.3279942e-01
   2.7853438e+05   8.3290276e-01
   2.7866812e+05   8.3300610e-01
   2.7893562e+05   8.3310943e-01
   2.7920312e+05   8.3321277e-01
   2.7933688e+05   8.3331611e-01
   2.8000562e+05   8.3341945e-01
   2.8054062e+05   8.3352279e-01
   2.8094188e+05   8.3362612e-01
   2.8107562e+05   8.3372946e-01
   2.8120938e+05   8.3383280e-01
   2.8147688e+05   8.3393614e-01
   2.8161062e+05   8.3403948e-01
   2.8174438e+05   8.3414281e-01
   2.8227938e+05   8.3434949e-01
   2.8241312e+05   8.3445283e-01
   2.8268062e+05   8.3455616e-01
   2.8294812e+05   8.3476284e-01
   2.8334938e+05   8.3486618e-01
   2.8348312e+05   8.3496952e-01
   2.8361688e+05   8.3507285e-01
   2.8388438e+05   8.3517619e-01
   2.8401812e+05   8.3527953e-01
   2.8415188e+05   8.3538287e-01
   2.8468688e+05   8.3548620e-01
   2.8482062e+05   8.3558954e-01
   2.8495438e+05   8.3569288e-01
   2.8508812e+05   8.3579622e-01
   2.8535562e+05   8.3589956e-01
   2.8575688e+05   8.3600289e-01
   2.8602438e+05   8.3620957e-01
   2.8655938e+05   8.3631291e-01
   2.8682688e+05   8.3641624e-01
   2.8709438e+05   8.3651958e-01
   2.8762938e+05   8.3662292e-01
   2.8789688e+05   8.3672626e-01
   2.8829812e+05   8.3682960e-01
   2.8856562e+05   8.3703627e-01
   2.8883312e+05   8.3724295e-01
   2.8923438e+05   8.3734629e-01
   2.8950188e+05   8.3755296e-01
   2.8963562e+05   8.3765630e-01
   2.8976938e+05   8.3775964e-01
   2.8990312e+05   8.3786297e-01
   2.9003688e+05   8.3806965e-01
   2.9030438e+05   8.3817299e-01
   2.9070562e+05   8.3827633e-01
   2.9110688e+05   8.3837966e-01
   2.9150812e+05   8.3858634e-01
   2.9177562e+05   8.3868968e-01
   2.9257812e+05   8.3879301e-01
   2.9271188e+05   8.3889635e-01
   2.9297938e+05   8.3899969e-01
   2.9324688e+05   8.3910303e-01
   2.9351438e+05   8.3920637e-01
   2.9364812e+05   8.3930970e-01
   2.9404938e+05   8.3941304e-01
   2.9418312e+05   8.3951638e-01
   2.9431688e+05   8.3972305e-01
   2.9511938e+05   8.3982639e-01
   2.9578812e+05   8.3992973e-01
   2.9592188e+05   8.4003307e-01
   2.9605562e+05   8.4034308e-01
   2.9618938e+05   8.4044642e-01
   2.9632312e+05   8.4054976e-01
   2.9685812e+05   8.4065309e-01
   2.9752688e+05   8.4075643e-01
   2.9766062e+05   8.4085977e-01
   2.9779438e+05   8.4106645e-01
   2.9819562e+05   8.4127312e-01
   2.9886438e+05   8.4137646e-01
   2.9993438e+05   8.4147980e-01
   3.0006812e+05   8.4158314e-01
   3.0033562e+05   8.4168647e-01
   3.0073688e+05   8.4189315e-01
   3.0087062e+05   8.4199649e-01
   3.0100438e+05   8.4209982e-01
   3.0180688e+05   8.4240984e-01
   3.0194062e+05   8.4251318e-01
   3.0207438e+05   8.4261651e-01
   3.0220812e+05   8.4271985e-01
   3.0247562e+05   8.4282319e-01
   3.0287688e+05   8.4292653e-01
   3.0301062e+05   8.4302986e-01
   3.0314438e+05   8.4313320e-01
   3.0367938e+05   8.4323654e-01
   3.0381312e+05   8.4364989e-01
   3.0408062e+05   8.4375323e-01
   3.0421438e+05   8.4385657e-01
   3.0448188e+05   8.4395990e-01
   3.0461562e+05   8.4406324e-01
   3.0515062e+05   8.4416658e-01
   3.0528438e+05   8.4426992e-01
   3.0541812e+05   8.4437326e-01
   3.0568562e+05   8.4447659e-01
   3.0581938e+05   8.4457993e-01
   3.0595312e+05   8.4468327e-01
   3.0675562e+05   8.4478661e-01
   3.0688938e+05   8.4499328e-01
   3.0702312e+05   8.4509662e-01
   3.0715688e+05   8.4519996e-01
   3.0742438e+05   8.4530330e-01
   3.0782562e+05   8.4550997e-01
   3.0822688e+05   8.4561331e-01
   3.0849438e+05   8.4571665e-01
   3.0862812e+05   8.4581999e-01
   3.0876188e+05   8.4602666e-01
   3.0902938e+05   8.4613000e-01
   3.0943062e+05   8.4623334e-01
   3.0969812e+05   8.4633667e-01
   3.0983188e+05   8.4654335e-01
   3.1009938e+05   8.4675003e-01
   3.1050062e+05   8.4685336e-01
   3.1103562e+05   8.4695670e-01
   3.1157062e+05   8.4706004e-01
   3.1170438e+05   8.4716338e-01
   3.1197188e+05   8.4726671e-01
   3.1210562e+05   8.4737005e-01
   3.1290812e+05   8.4747339e-01
   3.1304188e+05   8.4768007e-01
   3.1330938e+05   8.4788674e-01
   3.1344312e+05   8.4799008e-01
   3.1411188e+05   8.4809342e-01
   3.1424562e+05   8.4819676e-01
   3.1451312e+05   8.4830009e-01
   3.1518188e+05   8.4840343e-01
   3.1585062e+05   8.4850677e-01
   3.1651938e+05   8.4861011e-01
   3.1678688e+05   8.4871344e-01
   3.1705438e+05   8.4881678e-01
   3.1718812e+05   8.4902346e-01
   3.1758938e+05   8.4912680e-01
   3.1772312e+05   8.4923013e-01
   3.1785688e+05   8.4933347e-01
   3.1799062e+05   8.4943681e-01
   3.1812438e+05   8.4954015e-01
   3.1825812e+05   8.4964348e-01
   3.1839188e+05   8.4974682e-01
   3.1852562e+05   8.4995350e-01
   3.1865938e+05   8.5005684e-01
   3.1906062e+05   8.5026351e-01
   3.1959562e+05   8.5036685e-01
   3.1986312e+05   8.5047019e-01
   3.2013062e+05   8.5057352e-01
   3.2133438e+05   8.5067686e-01
   3.2160188e+05   8.5078020e-01
   3.2173562e+05   8.5088354e-01
   3.2200312e+05   8.5109021e-01
   3.2240438e+05   8.5119355e-01
   3.2267188e+05   8.5129689e-01
   3.2293938e+05   8.5150357e-01
   3.2360812e+05   8.5160690e-01
   3.2441062e+05   8.5171024e-01
   3.2467812e+05   8.5181358e-01
   3.2494562e+05   8.5191692e-01
   3.2507938e+05   8.5202025e-01
   3.2548062e+05   8.5212359e-01
   3.2574812e+05   8.5222693e-01
   3.2601562e+05   8.5233027e-01
   3.2628312e+05   8.5243361e-01
   3.2655062e+05   8.5253694e-01
   3.2695188e+05   8.5274362e-01
   3.2708562e+05   8.5284696e-01
   3.2748688e+05   8.5295029e-01
   3.2762062e+05   8.5305363e-01
   3.2788812e+05   8.5315697e-01
   3.2815562e+05   8.5326031e-01
   3.2828938e+05   8.5336365e-01
   3.2869062e+05   8.5346698e-01
   3.2909188e+05   8.5367366e-01
   3.2922562e+05   8.5377700e-01
   3.2935938e+05   8.5388033e-01
   3.3002812e+05   8.5398367e-01
   3.3029562e+05   8.5408701e-01
   3.3069688e+05   8.5419035e-01
   3.3083062e+05   8.5439702e-01
   3.3136562e+05   8.5460370e-01
   3.3230188e+05   8.5481038e-01
   3.3243562e+05   8.5491371e-01
   3.3270312e+05   8.5501705e-01
   3.3283688e+05   8.5512039e-01
   3.3337188e+05   8.5532706e-01
   3.3404062e+05   8.5543040e-01
   3.3444188e+05   8.5553374e-01
   3.3484312e+05   8.5563708e-01
   3.3524438e+05   8.5574042e-01
   3.3671562e+05   8.5584375e-01
   3.3711688e+05   8.5594709e-01
   3.3765188e+05   8.5605043e-01
   3.3965812e+05   8.5615377e-01
   3.4005938e+05   8.5625710e-01
   3.4032688e+05   8.5636044e-01
   3.4046062e+05   8.5646378e-01
   3.4072812e+05   8.5656712e-01
   3.4112938e+05   8.5677379e-01
   3.4166438e+05   8.5687713e-01
   3.4193188e+05   8.5698047e-01
   3.4219938e+05   8.5708381e-01
   3.4246688e+05   8.5729048e-01
   3.4286812e+05   8.5739382e-01
   3.4300188e+05   8.5749716e-01
   3.4313562e+05   8.5760050e-01
   3.4474062e+05   8.5770383e-01
   3.4487438e+05   8.5780717e-01
   3.4554312e+05   8.5801385e-01
   3.4567688e+05   8.5822052e-01
   3.4647938e+05   8.5832386e-01
   3.4661312e+05   8.5842720e-01
   3.4688062e+05   8.5853054e-01
   3.4808438e+05   8.5863387e-01
   3.4835188e+05   8.5884055e-01
   3.4875312e+05   8.5894389e-01
   3.4928812e+05   8.5904723e-01
   3.4995688e+05   8.5915056e-01
   3.5009062e+05   8.5925390e-01
   3.5062562e+05   8.5935724e-01
   3.5075938e+05   8.5946058e-01
   3.5102688e+05   8.5956391e-01
   3.5142812e+05   8.5977059e-01
   3.5209688e+05   8.5987393e-01
   3.5356812e+05   8.6008060e-01
   3.5383562e+05   8.6018394e-01
   3.5410312e+05   8.6039062e-01
   3.5463812e+05   8.6049395e-01
   3.5530688e+05   8.6059729e-01
   3.5570812e+05   8.6070063e-01
   3.5610938e+05   8.6080397e-01
   3.5624312e+05   8.6090731e-01
   3.5664438e+05   8.6101064e-01
   3.5731312e+05   8.6111398e-01
   3.5811562e+05   8.6132066e-01
   3.5838312e+05   8.6142400e-01
   3.5878438e+05   8.6152733e-01
   3.5905188e+05   8.6163067e-01
   3.5958688e+05   8.6173401e-01
   3.5972062e+05   8.6183735e-01
   3.6012188e+05   8.6204402e-01
   3.6052312e+05   8.6214736e-01
   3.6065688e+05   8.6235404e-01
   3.6132562e+05   8.6245737e-01
   3.6199438e+05   8.6256071e-01
   3.6279688e+05   8.6266405e-01
   3.6293062e+05   8.6276739e-01
   3.6319812e+05   8.6297406e-01
   3.6346562e+05   8.6307740e-01
   3.6493688e+05   8.6318074e-01
   3.6520438e+05   8.6328408e-01
   3.6533812e+05   8.6338741e-01
   3.6547188e+05   8.6349075e-01
   3.6600688e+05   8.6359409e-01
   3.6614062e+05   8.6369743e-01
   3.6761188e+05   8.6380076e-01
   3.6774562e+05   8.6400744e-01
   3.6841438e+05   8.6411078e-01
   3.6908312e+05   8.6421412e-01
   3.7015312e+05   8.6431745e-01
   3.7068812e+05   8.6442079e-01
   3.7095562e+05   8.6452413e-01
   3.7122312e+05   8.6462747e-01
   3.7135688e+05   8.6473081e-01
   3.7149062e+05   8.6483414e-01
   3.7175812e+05   8.6504082e-01
   3.7202562e+05   8.6514416e-01
   3.7322938e+05   8.6524749e-01
   3.7349688e+05   8.6535083e-01
   3.7389812e+05   8.6545417e-01
   3.7470062e+05   8.6555751e-01
   3.7523562e+05   8.6566085e-01
   3.7577062e+05   8.6576418e-01
   3.7603812e+05   8.6586752e-01
   3.7643938e+05   8.6617753e-01
   3.7670688e+05   8.6628087e-01
   3.7710812e+05   8.6638421e-01
   3.7791062e+05   8.6648755e-01
   3.7884688e+05   8.6659089e-01
   3.8018438e+05   8.6669422e-01
   3.8058562e+05   8.6679756e-01
   3.8112062e+05   8.6690090e-01
   3.8125438e+05   8.6700424e-01
   3.8138812e+05   8.6710757e-01
   3.8152188e+05   8.6721091e-01
   3.8232438e+05   8.6731425e-01
   3.8299312e+05   8.6762426e-01
   3.8326062e+05   8.6772760e-01
   3.8339438e+05   8.6783094e-01
   3.8406312e+05   8.6793428e-01
   3.8526688e+05   8.6803761e-01
   3.8566812e+05   8.6814095e-01
   3.8580188e+05   8.6824429e-01
   3.8740688e+05   8.6845097e-01
   3.8847688e+05   8.6855430e-01
   3.8914562e+05   8.6865764e-01
   3.8941312e+05   8.6886432e-01
   3.9021562e+05   8.6896766e-01
   3.9048312e+05   8.6907099e-01
   3.9115188e+05   8.6917433e-01
   3.9168688e+05   8.6927767e-01
   3.9182062e+05   8.6938101e-01
   3.9208812e+05   8.6948434e-01
   3.9235562e+05   8.6969102e-01
   3.9289062e+05   8.6979436e-01
   3.9489688e+05   8.6989770e-01
   3.9569938e+05   8.7010437e-01
   3.9610062e+05   8.7020771e-01
   3.9636812e+05   8.7031105e-01
   3.9650188e+05   8.7041438e-01
   3.9676938e+05   8.7051772e-01
   3.9690312e+05   8.7062106e-01
   3.9797312e+05   8.7072440e-01
   3.9864188e+05   8.7082774e-01
   3.9917688e+05   8.7093107e-01
   3.9931062e+05   8.7103441e-01
   4.0024688e+05   8.7134442e-01
   4.0038062e+05   8.7144776e-01
   4.0078188e+05   8.7155110e-01
   4.0158438e+05   8.7175778e-01
   4.0198562e+05   8.7186111e-01
   4.0225312e+05   8.7196445e-01
   4.0425938e+05   8.7206779e-01
   4.0452688e+05   8.7217113e-01
   4.0466062e+05   8.7227447e-01
   4.0479438e+05   8.7237780e-01
   4.0586438e+05   8.7248114e-01
   4.0666688e+05   8.7258448e-01
   4.0680062e+05   8.7279115e-01
   4.0746938e+05   8.7299783e-01
   4.0907438e+05   8.7310117e-01
   4.0920812e+05   8.7320451e-01
   4.0947562e+05   8.7330784e-01
   4.0960938e+05   8.7341118e-01
   4.0974312e+05   8.7351452e-01
   4.1001062e+05   8.7372119e-01
   4.1041188e+05   8.7382453e-01
   4.1054562e+05   8.7392787e-01
   4.1067938e+05   8.7403121e-01
   4.1094688e+05   8.7413455e-01
   4.1108062e+05   8.7423788e-01
   4.1121438e+05   8.7434122e-01
   4.1134812e+05   8.7444456e-01
   4.1161562e+05   8.7454790e-01
   4.1174938e+05   8.7465123e-01
   4.1281938e+05   8.7475457e-01
   4.1295312e+05   8.7485791e-01
   4.1308688e+05   8.7496125e-01
   4.1335438e+05   8.7506459e-01
   4.1348812e+05   8.7516792e-01
   4.1415688e+05   8.7527126e-01
   4.1469188e+05   8.7547794e-01
   4.1495938e+05   8.7558128e-01
   4.1536062e+05   8.7568461e-01
   4.1562812e+05   8.7578795e-01
   4.1629688e+05   8.7589129e-01
   4.1709938e+05   8.7599463e-01
   4.1723312e+05   8.7609796e-01
   4.1750062e+05   8.7620130e-01
   4.1763438e+05   8.7630464e-01
   4.1776812e+05   8.7640798e-01
   4.1870438e+05   8.7651132e-01
   4.1964062e+05   8.7661465e-01
   4.2044312e+05   8.7682133e-01
   4.2071062e+05   8.7692467e-01
   4.2111188e+05   8.7702800e-01
   4.2378688e+05   8.7713134e-01
   4.2432188e+05   8.7723468e-01
   4.2565938e+05   8.7733802e-01
   4.2686312e+05   8.7744136e-01
   4.2713062e+05   8.7754469e-01
   4.2726438e+05   8.7764803e-01
   4.2753188e+05   8.7775137e-01
   4.2846812e+05   8.7795804e-01
   4.2860188e+05   8.7806138e-01
   4.2873562e+05   8.7826806e-01
   4.2913688e+05   8.7837140e-01
   4.2993938e+05   8.7847473e-01
   4.3007312e+05   8.7868141e-01
   4.3060812e+05   8.7878475e-01
   4.3074188e+05   8.7888809e-01
   4.3127688e+05   8.7899142e-01
   4.3234688e+05   8.7909476e-01
   4.3261438e+05   8.7919810e-01
   4.3274812e+05   8.7930144e-01
   4.3288188e+05   8.7950811e-01
   4.3328312e+05   8.7961145e-01
   4.3435312e+05   8.7971479e-01
   4.3462062e+05   8.7981813e-01
   4.3488812e+05   8.8002480e-01
   4.3542312e+05   8.8012814e-01
   4.3649312e+05   8.8023148e-01
   4.3823188e+05   8.8033481e-01
   4.3863312e+05   8.8043815e-01
   4.3903438e+05   8.8054149e-01
   4.3970312e+05   8.8064483e-01
   4.4010438e+05   8.8074817e-01
   4.4023812e+05   8.8095484e-01
   4.4077312e+05   8.8105818e-01
   4.4090688e+05   8.8116152e-01
   4.4104062e+05   8.8126485e-01
   4.4184312e+05   8.8136819e-01
   4.4224438e+05   8.8147153e-01
   4.4304688e+05   8.8157487e-01
   4.4398312e+05   8.8167821e-01
   4.4491938e+05   8.8178154e-01
   4.4572188e+05   8.8188488e-01
   4.4598938e+05   8.8198822e-01
   4.4612312e+05   8.8240157e-01
   4.4639062e+05   8.8250491e-01
   4.4719312e+05   8.8260825e-01
   4.4786188e+05   8.8271158e-01
   4.4799562e+05   8.8281492e-01
   4.4826312e+05   8.8291826e-01
   4.5093812e+05   8.8302160e-01
   4.5147312e+05   8.8312494e-01
   4.5160688e+05   8.8322827e-01
   4.5214188e+05   8.8333161e-01
   4.5240938e+05   8.8343495e-01
   4.5254312e+05   8.8353829e-01
   4.5361312e+05   8.8364162e-01
   4.5428188e+05   8.8374496e-01
   4.5441562e+05   8.8384830e-01
   4.5454938e+05   8.8395164e-01
   4.5602062e+05   8.8405498e-01
   4.5642188e+05   8.8415831e-01
   4.5735812e+05   8.8426165e-01
   4.5829438e+05   8.8436499e-01
   4.5949812e+05   8.8446833e-01
   4.5976562e+05   8.8457166e-01
   4.6003312e+05   8.8467500e-01
   4.6056812e+05   8.8488168e-01
   4.6110312e+05   8.8498502e-01
   4.6190562e+05   8.8508835e-01
   4.6203938e+05   8.8529503e-01
   4.6217312e+05   8.8539837e-01
   4.6244062e+05   8.8550171e-01
   4.6324312e+05   8.8560504e-01
   4.6337688e+05   8.8570838e-01
   4.6511562e+05   8.8581172e-01
   4.6538312e+05   8.8591506e-01
   4.6578438e+05   8.8601839e-01
   4.6591812e+05   8.8612173e-01
   4.6645312e+05   8.8622507e-01
   4.6672062e+05   8.8643175e-01
   4.6725562e+05   8.8653508e-01
   4.6792438e+05   8.8663842e-01
   4.6859312e+05   8.8684510e-01
   4.6939562e+05   8.8694843e-01
   4.7019812e+05   8.8705177e-01
   4.7033188e+05   8.8715511e-01
   4.7220438e+05   8.8725845e-01
   4.7287312e+05   8.8736179e-01
   4.7407688e+05   8.8746512e-01
   4.7474562e+05   8.8767180e-01
   4.7487938e+05   8.8777514e-01
   4.7688562e+05   8.8787847e-01
   4.7742062e+05   8.8798181e-01
   4.7755438e+05   8.8818849e-01
   4.7768812e+05   8.8829183e-01
   4.7795562e+05   8.8839516e-01
   4.7808938e+05   8.8849850e-01
   4.7982812e+05   8.8870518e-01
   4.8103188e+05   8.8880852e-01
   4.8143312e+05   8.8891185e-01
   4.8357312e+05   8.8901519e-01
   4.8531188e+05   8.8922187e-01
   4.8571312e+05   8.8932520e-01
   4.8691688e+05   8.8953188e-01
   4.8798688e+05   8.8963522e-01
   4.8812062e+05   8.8984189e-01
   4.8838812e+05   8.8994523e-01
   4.8919062e+05   8.9015191e-01
   4.8932438e+05   8.9025524e-01
   4.8945812e+05   8.9035858e-01
   4.8959188e+05   8.9046192e-01
   4.9092938e+05   8.9056526e-01
   4.9253438e+05   8.9066860e-01
   4.9360438e+05   8.9077193e-01
   4.9413938e+05   8.9087527e-01
   4.9547688e+05   8.9097861e-01
   4.9574438e+05   8.9108195e-01
   4.9641312e+05   8.9118528e-01
   4.9694812e+05   8.9139196e-01
   4.9721562e+05   8.9149530e-01
   4.9788438e+05   8.9159864e-01
   4.9908812e+05   8.9170197e-01
   5.0069312e+05   8.9180531e-01
   5.0082688e+05   8.9190865e-01
   5.0216438e+05   8.9201199e-01
   5.0243188e+05   8.9221866e-01
   5.0256562e+05   8.9232200e-01
   5.0283312e+05   8.9242534e-01
   5.0350188e+05   8.9252868e-01
   5.0390312e+05   8.9263201e-01
   5.0524062e+05   8.9273535e-01
   5.0564188e+05   8.9283869e-01
   5.0738062e+05   8.9294203e-01
   5.0764812e+05   8.9304537e-01
   5.0845062e+05   8.9314870e-01
   5.0871812e+05   8.9325204e-01
   5.0925312e+05   8.9335538e-01
   5.0952062e+05   8.9345872e-01
   5.1005562e+05   8.9356205e-01
   5.1085812e+05   8.9366539e-01
   5.1099188e+05   8.9376873e-01
   5.1206188e+05   8.9387207e-01
   5.1353312e+05   8.9397541e-01
   5.1366688e+05   8.9407874e-01
   5.1406812e+05   8.9418208e-01
   5.1540562e+05   8.9428542e-01
   5.1754562e+05   8.9438876e-01
   5.1767938e+05   8.9449209e-01
   5.1781312e+05   8.9459543e-01
   5.1834812e+05   8.9469877e-01
   5.2035438e+05   8.9480211e-01
   5.2289562e+05   8.9490545e-01
   5.2329688e+05   8.9500878e-01
   5.2423312e+05   8.9511212e-01
   5.2490188e+05   8.9521546e-01
   5.2516938e+05   8.9531880e-01
   5.2664062e+05   8.9542213e-01
   5.2744312e+05   8.9552547e-01
   5.2784438e+05   8.9562881e-01
   5.2931562e+05   8.9573215e-01
   5.2985062e+05   8.9583549e-01
   5.3051938e+05   8.9593882e-01
   5.3078688e+05   8.9614550e-01
   5.3092062e+05   8.9624884e-01
   5.3132188e+05   8.9635218e-01
   5.3199062e+05   8.9645551e-01
   5.3252562e+05   8.9655885e-01
   5.3265938e+05   8.9666219e-01
   5.3372938e+05   8.9676553e-01
   5.3386312e+05   8.9697220e-01
   5.3399688e+05   8.9707554e-01
   5.3413062e+05   8.9717888e-01
   5.3439812e+05   8.9728222e-01
   5.3453188e+05   8.9738555e-01
   5.3586938e+05   8.9748889e-01
   5.3653812e+05   8.9769557e-01
   5.3680562e+05   8.9779890e-01
   5.3693938e+05   8.9790224e-01
   5.3707312e+05   8.9800558e-01
   5.4041688e+05   8.9810892e-01
   5.4175438e+05   8.9821226e-01
   5.4202188e+05   8.9831559e-01
   5.4228938e+05   8.9841893e-01
   5.4295812e+05   8.9852227e-01
   5.4416188e+05   8.9862561e-01
   5.4469688e+05   8.9872894e-01
   5.4496438e+05   8.9883228e-01
   5.4576688e+05   8.9893562e-01
   5.4844188e+05   8.9903896e-01
   5.4870938e+05   8.9914230e-01
   5.4991312e+05   8.9924563e-01
   5.5084938e+05   8.9934897e-01
   5.5138438e+05   8.9955565e-01
   5.5245438e+05   8.9976232e-01
   5.5405938e+05   8.9986566e-01
   5.5432688e+05   8.9996900e-01
   5.5553062e+05   9.0007234e-01
   5.5619938e+05   9.0017567e-01
   5.5793812e+05   9.0027901e-01
   5.6021188e+05   9.0038235e-01
   5.6047938e+05   9.0048569e-01
   5.6088062e+05   9.0058903e-01
   5.6141562e+05   9.0069236e-01
   5.6235188e+05   9.0079570e-01
   5.6288688e+05   9.0089904e-01
   5.6435812e+05   9.0100238e-01
   5.6542812e+05   9.0110571e-01
   5.6582938e+05   9.0120905e-01
   5.6649812e+05   9.0131239e-01
   5.6689938e+05   9.0151907e-01
   5.6703312e+05   9.0162240e-01
   5.6743438e+05   9.0172574e-01
   5.6756812e+05   9.0193242e-01
   5.6770188e+05   9.0203575e-01
   5.6810312e+05   9.0213909e-01
   5.6850438e+05   9.0224243e-01
   5.6890562e+05   9.0234577e-01
   5.7051062e+05   9.0244911e-01
   5.7104562e+05   9.0255244e-01
   5.7385438e+05   9.0265578e-01
   5.7398812e+05   9.0275912e-01
   5.7452312e+05   9.0286246e-01
   5.7492438e+05   9.0296580e-01
   5.7612812e+05   9.0306913e-01
   5.7652938e+05   9.0317247e-01
   5.7679688e+05   9.0327581e-01
   5.7773312e+05   9.0337915e-01
   5.8014062e+05   9.0348248e-01
   5.8067562e+05   9.0358582e-01
   5.8187938e+05   9.0368916e-01
   5.8214688e+05   9.0379250e-01
   5.8254812e+05   9.0389584e-01
   5.8281562e+05   9.0399917e-01
   5.8482188e+05   9.0410251e-01
   5.8549062e+05   9.0420585e-01
   5.8575812e+05   9.0430919e-01
   5.8629312e+05   9.0441252e-01
   5.8990438e+05   9.0451586e-01
   5.9057312e+05   9.0461920e-01
   5.9124188e+05   9.0472254e-01
   5.9204438e+05   9.0482588e-01
   5.9271312e+05   9.0492921e-01
   5.9298062e+05   9.0503255e-01
   5.9458562e+05   9.0513589e-01
   5.9525438e+05   9.0523923e-01
   5.9659188e+05   9.0534256e-01
   5.9672562e+05   9.0544590e-01
   5.9685938e+05   9.0554924e-01
   5.9712688e+05   9.0565258e-01
   5.9819688e+05   9.0575592e-01
   5.9899938e+05   9.0585925e-01
   5.9913312e+05   9.0596259e-01
   6.0140688e+05   9.0606593e-01
   6.0167438e+05   9.0616927e-01
   6.0287812e+05   9.0627261e-01
   6.0354688e+05   9.0637594e-01
   6.0381438e+05   9.0647928e-01
   6.0528562e+05   9.0658262e-01
   6.0622188e+05   9.0678929e-01
   6.0809438e+05   9.0689263e-01
   6.0849562e+05   9.0699597e-01
   6.0943188e+05   9.0709931e-01
   6.0983312e+05   9.0730598e-01
   6.1036812e+05   9.0740932e-01
   6.1170562e+05   9.0751266e-01
   6.1183938e+05   9.0761600e-01
   6.1277562e+05   9.0771933e-01
   6.1464812e+05   9.0782267e-01
   6.1598562e+05   9.0792601e-01
   6.1799188e+05   9.0802935e-01
   6.1825938e+05   9.0823602e-01
   6.1879438e+05   9.0833936e-01
   6.1932938e+05   9.0844270e-01
   6.1946312e+05   9.0854604e-01
   6.2133562e+05   9.0864937e-01
   6.2146938e+05   9.0875271e-01
   6.2173688e+05   9.0885605e-01
   6.2280688e+05   9.0895939e-01
   6.2307438e+05   9.0916606e-01
   6.2414438e+05   9.0937274e-01
   6.2427812e+05   9.0947608e-01
   6.2521438e+05   9.0957942e-01
   6.2668562e+05   9.0968275e-01
   6.2708688e+05   9.0978609e-01
   6.2802312e+05   9.0988943e-01
   6.2842438e+05   9.0999277e-01
   6.3323938e+05   9.1009610e-01
   6.3350688e+05   9.1019944e-01
   6.3430938e+05   9.1030278e-01
   6.3444312e+05   9.1040612e-01
   6.3578062e+05   9.1050946e-01
   6.3618188e+05   9.1061279e-01
   6.3644938e+05   9.1071613e-01
   6.3658312e+05   9.1081947e-01
   6.3738562e+05   9.1092281e-01
   6.4072938e+05   9.1102614e-01
   6.4179938e+05   9.1112948e-01
   6.4286938e+05   9.1123282e-01
   6.4393938e+05   9.1133616e-01
   6.4581188e+05   9.1143950e-01
   6.4621312e+05   9.1154283e-01
   6.4714938e+05   9.1185285e-01
   6.4795188e+05   9.1195618e-01
   6.4808562e+05   9.1205952e-01
   6.4875438e+05   9.1216286e-01
   6.4902188e+05   9.1226620e-01
   6.4915562e+05   9.1247287e-01
   6.5035938e+05   9.1257621e-01
   6.5049312e+05   9.1267955e-01
   6.5116188e+05   9.1278289e-01
   6.5330188e+05   9.1288623e-01
   6.5383688e+05   9.1298956e-01
   6.5597688e+05   9.1309290e-01
   6.5744812e+05   9.1319624e-01
   6.5945438e+05   9.1329958e-01
   6.6172812e+05   9.1340291e-01
   6.6480438e+05   9.1350625e-01
   6.6574062e+05   9.1360959e-01
   6.6614188e+05   9.1371293e-01
   6.6654312e+05   9.1381627e-01
   6.6747938e+05   9.1391960e-01
   6.6774688e+05   9.1402294e-01
   6.6801438e+05   9.1422962e-01
   6.6854938e+05   9.1443629e-01
   6.6961938e+05   9.1453963e-01
   6.7109062e+05   9.1464297e-01
   6.7229438e+05   9.1474631e-01
   6.7550438e+05   9.1484964e-01
   6.7577188e+05   9.1495298e-01
   6.7684188e+05   9.1505632e-01
   6.7777812e+05   9.1515966e-01
   6.7804562e+05   9.1526299e-01
   6.7844688e+05   9.1536633e-01
   6.7871438e+05   9.1546967e-01
   6.7938312e+05   9.1557301e-01
   6.8031938e+05   9.1567635e-01
   6.8072062e+05   9.1577968e-01
   6.8179062e+05   9.1588302e-01
   6.8192438e+05   9.1598636e-01
   6.8286062e+05   9.1608970e-01
   6.8299438e+05   9.1629637e-01
   6.8740812e+05   9.1639971e-01
   6.8847812e+05   9.1650305e-01
   6.9182188e+05   9.1660639e-01
   6.9208938e+05   9.1681306e-01
   6.9235688e+05   9.1691640e-01
   6.9422938e+05   9.1701974e-01
   6.9463062e+05   9.1712308e-01
   6.9636938e+05   9.1722641e-01
   6.9784062e+05   9.1732975e-01
   7.0238812e+05   9.1743309e-01
   7.0385938e+05   9.1753643e-01
   7.0720312e+05   9.1763976e-01
   7.0840688e+05   9.1774310e-01
   7.0894188e+05   9.1794978e-01
   7.1068062e+05   9.1805312e-01
   7.1081438e+05   9.1815645e-01
   7.1161688e+05   9.1825979e-01
   7.1175062e+05   9.1836313e-01
   7.1402438e+05   9.1856980e-01
   7.1616438e+05   9.1867314e-01
   7.1763562e+05   9.1877648e-01
   7.1950812e+05   9.1887982e-01
   7.2124688e+05   9.1898316e-01
   7.2271812e+05   9.1908649e-01
   7.2726562e+05   9.1918983e-01
   7.2833562e+05   9.1929317e-01
   7.2873688e+05   9.1939651e-01
   7.3274938e+05   9.1960318e-01
   7.3301688e+05   9.1970652e-01
   7.3315062e+05   9.1980986e-01
   7.3488938e+05   9.1991320e-01
   7.3515688e+05   9.2001653e-01
   7.3916938e+05   9.2011987e-01
   7.4010562e+05   9.2022321e-01
   7.4050688e+05   9.2032655e-01
   7.4318188e+05   9.2042989e-01
   7.4371688e+05   9.2053322e-01
   7.4518812e+05   9.2063656e-01
   7.4799688e+05   9.2073990e-01
   7.4839812e+05   9.2084324e-01
   7.4893312e+05   9.2094657e-01
   7.4946812e+05   9.2104991e-01
   7.5013688e+05   9.2115325e-01
   7.5067188e+05   9.2125659e-01
   7.5321312e+05   9.2135993e-01
   7.5562062e+05   9.2156660e-01
   7.5749312e+05   9.2166994e-01
   7.5842938e+05   9.2177328e-01
   7.5909812e+05   9.2187661e-01
   7.6070312e+05   9.2197995e-01
   7.6257562e+05   9.2208329e-01
   7.6351188e+05   9.2218663e-01
   7.6377938e+05   9.2239330e-01
   7.6431438e+05   9.2249664e-01
   7.6819312e+05   9.2259998e-01
   7.6912938e+05   9.2270332e-01
   7.7100188e+05   9.2280665e-01
   7.7140312e+05   9.2290999e-01
   7.7153688e+05   9.2301333e-01
   7.7247312e+05   9.2311667e-01
   7.7287438e+05   9.2322001e-01
   7.7461312e+05   9.2332334e-01
   7.7768938e+05   9.2342668e-01
   7.7875938e+05   9.2353002e-01
   7.7889312e+05   9.2363336e-01
   7.7996312e+05   9.2373670e-01
   7.8049812e+05   9.2384003e-01
   7.8089938e+05   9.2394337e-01
   7.8691812e+05   9.2404671e-01
   7.8772062e+05   9.2425338e-01
   7.8838938e+05   9.2435672e-01
   7.8986062e+05   9.2446006e-01
   7.8999438e+05   9.2456340e-01
   7.9012812e+05   9.2466674e-01
   7.9039562e+05   9.2477007e-01
   7.9066312e+05   9.2487341e-01
   7.9093062e+05   9.2497675e-01
   7.9226812e+05   9.2518342e-01
   7.9601312e+05   9.2528676e-01
   7.9668188e+05   9.2539010e-01
   7.9681562e+05   9.2549344e-01
   7.9748438e+05   9.2559678e-01
   7.9761812e+05   9.2570011e-01
   7.9949062e+05   9.2580345e-01
   8.0109562e+05   9.2590679e-01
   8.0176438e+05   9.2601013e-01
   8.0216562e+05   9.2611346e-01
   8.0229938e+05   9.2621680e-01
   8.0296812e+05   9.2632014e-01
   8.0430562e+05   9.2642348e-01
   8.0510812e+05   9.2652682e-01
   8.0577688e+05   9.2663015e-01
   8.0938812e+05   9.2673349e-01
   8.1246438e+05   9.2683683e-01
   8.1687812e+05   9.2694017e-01
   8.1727938e+05   9.2714684e-01
   8.1741312e+05   9.2725018e-01
   8.1875062e+05   9.2735352e-01
   8.2075688e+05   9.2745686e-01
   8.2276312e+05   9.2756019e-01
   8.2289688e+05   9.2766353e-01
   8.2503688e+05   9.2776687e-01
   8.2570562e+05   9.2787021e-01
   8.2610688e+05   9.2797355e-01
   8.2637438e+05   9.2807688e-01
   8.2811312e+05   9.2818022e-01
   8.2864812e+05   9.2828356e-01
   8.3212562e+05   9.2838690e-01
   8.3279438e+05   9.2869691e-01
   8.3292812e+05   9.2890359e-01
   8.3346312e+05   9.2900692e-01
   8.3413188e+05   9.2911026e-01
   8.3627188e+05   9.2921360e-01
   8.3694062e+05   9.2931694e-01
   8.3747562e+05   9.2942027e-01
   8.3881312e+05   9.2962695e-01
   8.3921438e+05   9.2973029e-01
   8.3974938e+05   9.2983363e-01
   8.4108688e+05   9.3004030e-01
   8.4282562e+05   9.3014364e-01
   8.4336062e+05   9.3035032e-01
   8.4402938e+05   9.3045365e-01
   8.4536688e+05   9.3055699e-01
   8.4683812e+05   9.3066033e-01
   8.5526438e+05   9.3076367e-01
   8.5606688e+05   9.3097034e-01
   8.5713688e+05   9.3107368e-01
   8.5847438e+05   9.3117702e-01
   8.6074812e+05   9.3128036e-01
   8.6114938e+05   9.3138369e-01
   8.6422562e+05   9.3148703e-01
   8.6542938e+05   9.3159037e-01
   8.6636562e+05   9.3169371e-01
   8.7011062e+05   9.3179704e-01
   8.7037812e+05   9.3190038e-01
   8.7225062e+05   9.3200372e-01
   8.7238438e+05   9.3210706e-01
   8.7532688e+05   9.3221040e-01
   8.7706562e+05   9.3231373e-01
   8.7719938e+05   9.3241707e-01
   8.7867062e+05   9.3252041e-01
   8.7960688e+05   9.3262375e-01
   8.8321812e+05   9.3272708e-01
   8.8562562e+05   9.3283042e-01
   8.8816688e+05   9.3293376e-01
   8.8977188e+05   9.3303710e-01
   8.9378438e+05   9.3324377e-01
   8.9846562e+05   9.3334711e-01
   8.9966938e+05   9.3345045e-01
   9.0114062e+05   9.3355379e-01
   9.0501938e+05   9.3365713e-01
   9.0970062e+05   9.3376046e-01
   9.1384688e+05   9.3386380e-01
   9.1424812e+05   9.3407048e-01
   9.1478312e+05   9.3417381e-01
   9.1598688e+05   9.3427715e-01
   9.2240688e+05   9.3438049e-01
   9.2307562e+05   9.3448383e-01
   9.2414562e+05   9.3458717e-01
   9.2441312e+05   9.3469050e-01
   9.2534938e+05   9.3479384e-01
   9.2641938e+05   9.3489718e-01
   9.2842562e+05   9.3500052e-01
   9.2949562e+05   9.3510385e-01
   9.3444438e+05   9.3520719e-01
   9.3497938e+05   9.3531053e-01
   9.3524688e+05   9.3541387e-01
   9.3685188e+05   9.3551721e-01
   9.3765438e+05   9.3562054e-01
   9.3939312e+05   9.3572388e-01
   9.4006188e+05   9.3582722e-01
   9.4246938e+05   9.3593056e-01
   9.4367312e+05   9.3603389e-01
   9.4434188e+05   9.3613723e-01
   9.4741812e+05   9.3624057e-01
   9.4848812e+05   9.3634391e-01
   9.4902312e+05   9.3644725e-01
   9.5089562e+05   9.3655058e-01
   9.5116312e+05   9.3665392e-01
   9.5718188e+05   9.3675726e-01
   9.5972312e+05   9.3686060e-01
   9.6025812e+05   9.3696394e-01
   9.6079312e+05   9.3706727e-01
   9.6092688e+05   9.3717061e-01
   9.6159562e+05   9.3727395e-01
   9.6306688e+05   9.3748062e-01
   9.6480562e+05   9.3768730e-01
   9.6534062e+05   9.3779064e-01
   9.7042312e+05   9.3789398e-01
   9.7082438e+05   9.3799731e-01
   9.7109188e+05   9.3810065e-01
   9.7135938e+05   9.3820399e-01
   9.7176062e+05   9.3830733e-01
   9.8165812e+05   9.3841066e-01
   9.8513562e+05   9.3851400e-01
   9.8647312e+05   9.3882402e-01
   9.8834562e+05   9.3892735e-01
   9.8861312e+05   9.3903069e-01
   9.8928188e+05   9.3913403e-01
   9.8941562e+05   9.3923737e-01
   9.9021812e+05   9.3934070e-01
   9.9128812e+05   9.3944404e-01
   9.9556812e+05   9.3954738e-01
   9.9583562e+05   9.3965072e-01
   9.9637062e+05   9.3975406e-01
   9.9663812e+05   9.3985739e-01
   9.9851062e+05   9.3996073e-01
   1.0023894e+06   9.4006407e-01
   1.0043956e+06   9.4016741e-01
   1.0073381e+06   9.4027075e-01
   1.0077394e+06   9.4037408e-01
   1.0078731e+06   9.4047742e-01
   1.0094781e+06   9.4058076e-01
   1.0101469e+06   9.4068410e-01
   1.0102806e+06   9.4078743e-01
   1.0105481e+06   9.4089077e-01
   1.0117519e+06   9.4099411e-01
   1.0125544e+06   9.4109745e-01
   1.0141594e+06   9.4120079e-01
   1.0148281e+06   9.4130412e-01
   1.0153631e+06   9.4140746e-01
   1.0162994e+06   9.4151080e-01
   1.0167006e+06   9.4161414e-01
   1.0176369e+06   9.4171747e-01
   1.0197769e+06   9.4182081e-01
   1.0233881e+06   9.4192415e-01
   1.0259294e+06   9.4202749e-01
   1.0267319e+06   9.4213083e-01
   1.0346231e+06   9.4223416e-01
   1.0348906e+06   9.4233750e-01
   1.0363619e+06   9.4244084e-01
   1.0398394e+06   9.4264751e-01
   1.0433169e+06   9.4285419e-01
   1.0483994e+06   9.4295753e-01
   1.0488006e+06   9.4306087e-01
   1.0501381e+06   9.4316420e-01
   1.0532144e+06   9.4326754e-01
   1.0569594e+06   9.4337088e-01
   1.0577619e+06   9.4347422e-01
   1.0597681e+06   9.4357756e-01
   1.0603031e+06   9.4368089e-01
   1.0675256e+06   9.4378423e-01
   1.0704681e+06   9.4388757e-01
   1.0758181e+06   9.4399091e-01
   1.0804994e+06   9.4409424e-01
   1.0838431e+06   9.4419758e-01
   1.0851806e+06   9.4430092e-01
   1.0855819e+06   9.4440426e-01
   1.0863844e+06   9.4450760e-01
   1.0873206e+06   9.4461093e-01
   1.0966831e+06   9.4471427e-01
   1.0993581e+06   9.4481761e-01
   1.1001606e+06   9.4492095e-01
   1.1017656e+06   9.4502428e-01
   1.1057781e+06   9.4512762e-01
   1.1071156e+06   9.4523096e-01
   1.1095231e+06   9.4533430e-01
   1.1103256e+06   9.4543764e-01
   1.1196881e+06   9.4554097e-01
   1.1243694e+06   9.4564431e-01
   1.1287831e+06   9.4574765e-01
   1.1309231e+06   9.4585099e-01
   1.1325281e+06   9.4595432e-01
   1.1360056e+06   9.4605766e-01
   1.1414894e+06   9.4616100e-01
   1.1437631e+06   9.4626434e-01
   1.1441644e+06   9.4636768e-01
   1.1590106e+06   9.4647101e-01
   1.1592781e+06   9.4657435e-01
   1.1606156e+06   9.4667769e-01
   1.1678381e+06   9.4678103e-01
   1.1681056e+06   9.4688436e-01
   1.1694431e+06   9.4698770e-01
   1.1717169e+06   9.4709104e-01
   1.1727869e+06   9.4719438e-01
   1.1738569e+06   9.4729772e-01
   1.1739906e+06   9.4740105e-01
   1.1820156e+06   9.4760773e-01
   1.1840219e+06   9.4771107e-01
   1.1845569e+06   9.4781441e-01
   1.1908431e+06   9.4791774e-01
   1.1927156e+06   9.4802108e-01
   1.1947219e+06   9.4812442e-01
   1.1963269e+06   9.4822776e-01
   1.2010081e+06   9.4833109e-01
   1.2040844e+06   9.4843443e-01
   1.2095681e+06   9.4853777e-01
   1.2115744e+06   9.4864111e-01
   1.2185294e+06   9.4874445e-01
   1.2217394e+06   9.4884778e-01
   1.2238794e+06   9.4895112e-01
   1.2312356e+06   9.4905446e-01
   1.2333756e+06   9.4915780e-01
   1.2367194e+06   9.4926113e-01
   1.2432731e+06   9.4936447e-01
   1.2444769e+06   9.4946781e-01
   1.2482219e+06   9.4957115e-01
   1.2530369e+06   9.4967449e-01
   1.2537056e+06   9.4977782e-01
   1.2546419e+06   9.4988116e-01
   1.2566481e+06   9.4998450e-01
   1.2637369e+06   9.5008784e-01
   1.2780481e+06   9.5019117e-01
   1.2805894e+06   9.5029451e-01
   1.2820606e+06   9.5039785e-01
   1.2832644e+06   9.5050119e-01
   1.2903531e+06   9.5060453e-01
   1.2977094e+06   9.5070786e-01
   1.2997156e+06   9.5081120e-01
   1.3056006e+06   9.5091454e-01
   1.3070719e+06   9.5101788e-01
   1.3100144e+06   9.5112122e-01
   1.3102819e+06   9.5122455e-01
   1.3173706e+06   9.5132789e-01
   1.3196444e+06   9.5143123e-01
   1.3231219e+06   9.5153457e-01
   1.3268669e+06   9.5163790e-01
   1.3270006e+06   9.5174124e-01
   1.3296756e+06   9.5184458e-01
   1.3339556e+06   9.5194792e-01
   1.3496044e+06   9.5205126e-01
   1.3508081e+06   9.5215459e-01
   1.3560244e+06   9.5225793e-01
   1.3586994e+06   9.5236127e-01
   1.3588331e+06   9.5246461e-01
   1.3599031e+06   9.5256794e-01
   1.3616419e+06   9.5267128e-01
   1.3651194e+06   9.5277462e-01
   1.3699344e+06   9.5287796e-01
   1.3803669e+06   9.5298130e-01
   1.3813031e+06   9.5308463e-01
   1.3817044e+06   9.5318797e-01
   1.3826406e+06   9.5329131e-01
   1.3831756e+06   9.5339465e-01
   1.3853156e+06   9.5349798e-01
   1.3871881e+06   9.5360132e-01
   1.3877231e+06   9.5370466e-01
   1.3905319e+06   9.5380800e-01
   1.3954806e+06   9.5391134e-01
   1.4152756e+06   9.5401467e-01
   1.4203581e+06   9.5411801e-01
   1.4214281e+06   9.5422135e-01
   1.4247719e+06   9.5432469e-01
   1.4255744e+06   9.5442803e-01
   1.4297206e+06   9.5453136e-01
   1.4309244e+06   9.5463470e-01
   1.4342681e+06   9.5473804e-01
   1.4358731e+06   9.5484138e-01
   1.4398856e+06   9.5494471e-01
   1.4438981e+06   9.5504805e-01
   1.4475094e+06   9.5515139e-01
   1.4496494e+06   9.5525473e-01
   1.4500506e+06   9.5535807e-01
   1.4536619e+06   9.5546140e-01
   1.4560694e+06   9.5556474e-01
   1.4583431e+06   9.5566808e-01
   1.4594131e+06   9.5577142e-01
   1.4643619e+06   9.5587475e-01
   1.4669031e+06   9.5597809e-01
   1.4759981e+06   9.5608143e-01
   1.4762656e+06   9.5618477e-01
   1.4780044e+06   9.5628811e-01
   1.4788069e+06   9.5639144e-01
   1.4789406e+06   9.5649478e-01
   1.4866981e+06   9.5659812e-01
   1.4920481e+06   9.5670146e-01
   1.4972644e+06   9.5680479e-01
   1.5020794e+06   9.5690813e-01
   1.5027481e+06   9.5701147e-01
   1.5056906e+06   9.5711481e-01
   1.5063594e+06   9.5721815e-01
   1.5126456e+06   9.5732148e-01
   1.5209381e+06   9.5742482e-01
   1.5253519e+06   9.5752816e-01
   1.5308356e+06   9.5763150e-01
   1.5311031e+06   9.5773484e-01
   1.5325744e+06   9.5783817e-01
   1.5335106e+06   9.5794151e-01
   1.5405994e+06   9.5804485e-01
   1.5464844e+06   9.5814819e-01
   1.5504969e+06   9.5825152e-01
   1.5534394e+06   9.5835486e-01
   1.5559806e+06   9.5845820e-01
   1.5578531e+06   9.5856154e-01
   1.5689544e+06   9.5866488e-01
   1.5741706e+06   9.5876821e-01
   1.5759094e+06   9.5887155e-01
   1.5824631e+06   9.5897489e-01
   1.5894181e+06   9.5907823e-01
   1.5985131e+06   9.5918156e-01
   1.6002519e+06   9.5928490e-01
   1.6050669e+06   9.5938824e-01
   1.6061369e+06   9.5949158e-01
   1.6100156e+06   9.5959492e-01
   1.6108181e+06   9.5969825e-01
   1.6161681e+06   9.5980159e-01
   1.6180406e+06   9.5990493e-01
   1.6223206e+06   9.6000827e-01
   1.6358294e+06   9.6011160e-01
   1.6402431e+06   9.6021494e-01
   1.6417144e+06   9.6031828e-01
   1.6445231e+06   9.6042162e-01
   1.6601719e+06   9.6052496e-01
   1.6628469e+06   9.6062829e-01
   1.6649869e+06   9.6073163e-01
   1.6660569e+06   9.6083497e-01
   1.6663244e+06   9.6093831e-01
   1.6683306e+06   9.6104165e-01
   1.6687319e+06   9.6114498e-01
   1.6702031e+06   9.6124832e-01
   1.6723431e+06   9.6135166e-01
   1.6750181e+06   9.6145500e-01
   1.6758206e+06   9.6155833e-01
   1.6775594e+06   9.6166167e-01
   1.6795656e+06   9.6176501e-01
   1.6810369e+06   9.6186835e-01
   1.6862531e+06   9.6197169e-01
   1.6969531e+06   9.6207502e-01
   1.6980231e+06   9.6217836e-01
   1.6989594e+06   9.6228170e-01
   1.7002969e+06   9.6238504e-01
   1.7071181e+06   9.6248837e-01
   1.7128694e+06   9.6259171e-01
   1.7199581e+06   9.6269505e-01
   1.7235694e+06   9.6279839e-01
   1.7242381e+06   9.6290173e-01
   1.7257094e+06   9.6300506e-01
   1.7418931e+06   9.6310840e-01
   1.7476444e+06   9.6321174e-01
   1.7507206e+06   9.6331508e-01
   1.7582106e+06   9.6341841e-01
   1.7595481e+06   9.6352175e-01
   1.7620894e+06   9.6362509e-01
   1.7679744e+06   9.6372843e-01
   1.7693119e+06   9.6383177e-01
   1.7769356e+06   9.6393510e-01
   1.7850944e+06   9.6414178e-01
   1.7929856e+06   9.6424512e-01
   1.7941894e+06   9.6434846e-01
   1.7957944e+06   9.6445179e-01
   1.7982019e+06   9.6455513e-01
   1.8067619e+06   9.6465847e-01
   1.8146531e+06   9.6476181e-01
   1.8153219e+06   9.6486514e-01
   1.8196019e+06   9.6496848e-01
   1.8431419e+06   9.6507182e-01
   1.8471544e+06   9.6517516e-01
   1.8541094e+06   9.6527850e-01
   1.8549119e+06   9.6538183e-01
   1.8634719e+06   9.6548517e-01
   1.8744394e+06   9.6558851e-01
   1.8787194e+06   9.6569185e-01
   1.8938331e+06   9.6579518e-01
   1.8981131e+06   9.6589852e-01
   1.9060044e+06   9.6600186e-01
   1.9240606e+06   9.6610520e-01
   1.9300794e+06   9.6620854e-01
   1.9330219e+06   9.6631187e-01
   1.9343594e+06   9.6641521e-01
   1.9417156e+06   9.6651855e-01
   1.9441231e+06   9.6662189e-01
   1.9459956e+06   9.6672522e-01
   1.9537531e+06   9.6682856e-01
   1.9548231e+06   9.6693190e-01
   1.9554919e+06   9.6703524e-01
   1.9639181e+06   9.6713858e-01
   1.9750194e+06   9.6724191e-01
   1.9842481e+06   9.6734525e-01
   1.9881269e+06   9.6744859e-01
   1.9974894e+06   9.6755193e-01
   2.0021706e+06   9.6765527e-01
   2.0080556e+06   9.6775860e-01
   2.0179531e+06   9.6786194e-01
   2.0352069e+06   9.6796528e-01
   2.0366781e+06   9.6806862e-01
   2.0453719e+06   9.6817195e-01
   2.0471106e+06   9.6827529e-01
   2.0473781e+06   9.6837863e-01
   2.0563394e+06   9.6848197e-01
   2.0607531e+06   9.6858531e-01
   2.0611544e+06   9.6868864e-01
   2.0640969e+06   9.6879198e-01
   2.0867006e+06   9.6889532e-01
   2.0871019e+06   9.6899866e-01
   2.0990056e+06   9.6910199e-01
   2.1004769e+06   9.6920533e-01
   2.1031519e+06   9.6930867e-01
   2.1204056e+06   9.6941201e-01
   2.1232144e+06   9.6951535e-01
   2.1312394e+06   9.6961868e-01
   2.1410031e+06   9.6972202e-01
   2.1480919e+06   9.6982536e-01
   2.1660144e+06   9.6992870e-01
   2.1694919e+06   9.7003203e-01
   2.1712306e+06   9.7013537e-01
   2.1776506e+06   9.7023871e-01
   2.2100181e+06   9.7034205e-01
   2.2112219e+06   9.7044539e-01
   2.2160369e+06   9.7054872e-01
   2.2161706e+06   9.7065206e-01
   2.2319531e+06   9.7075540e-01
   2.2323544e+06   9.7085874e-01
   2.2419844e+06   9.7096208e-01
   2.2425194e+06   9.7106541e-01
   2.2474681e+06   9.7116875e-01
   2.2573656e+06   9.7127209e-01
   2.2600406e+06   9.7137543e-01
   2.2619131e+06   9.7147876e-01
   2.2740844e+06   9.7158210e-01
   2.2788994e+06   9.7168544e-01
   2.2833131e+06   9.7178878e-01
   2.2839819e+06   9.7189212e-01
   2.2898669e+06   9.7199545e-01
   2.2974906e+06   9.7209879e-01
   2.3056494e+06   9.7220213e-01
   2.3079231e+06   9.7230547e-01
   2.3182219e+06   9.7240880e-01
   2.3259794e+06   9.7251214e-01
   2.3378831e+06   9.7261548e-01
   2.3449719e+06   9.7271882e-01
   2.3550031e+06   9.7282216e-01
   2.3928544e+06   9.7292549e-01
   2.3978031e+06   9.7302883e-01
   2.4012806e+06   9.7313217e-01
   2.4032869e+06   9.7323551e-01
   2.4155919e+06   9.7333884e-01
   2.4319094e+06   9.7344218e-01
   2.4371256e+06   9.7354552e-01
   2.4414056e+06   9.7364886e-01
   2.4519719e+06   9.7375220e-01
   2.4649456e+06   9.7385553e-01
   2.4689581e+06   9.7395887e-01
   2.4737731e+06   9.7406221e-01
   2.4808619e+06   9.7416555e-01
   2.4819319e+06   9.7426888e-01
   2.5126944e+06   9.7437222e-01
   2.5133631e+06   9.7447556e-01
   2.5231269e+06   9.7457890e-01
   2.5274069e+06   9.7468224e-01
   2.5275406e+06   9.7478557e-01
   2.5307506e+06   9.7488891e-01
   2.5466669e+06   9.7499225e-01
   2.5575006e+06   9.7509559e-01
   2.5854544e+06   9.7519893e-01
   2.5954856e+06   9.7530226e-01
   2.6019056e+06   9.7540560e-01
   2.6152806e+06   9.7550894e-01
   2.6204969e+06   9.7561228e-01
   2.6212994e+06   9.7571561e-01
   2.6227706e+06   9.7581895e-01
   2.6362794e+06   9.7592229e-01
   2.6487181e+06   9.7602563e-01
   2.6611569e+06   9.7612897e-01
   2.6817544e+06   9.7623230e-01
   2.6840281e+06   9.7633564e-01
   2.6849644e+06   9.7643898e-01
   2.7015494e+06   9.7654232e-01
   2.7146569e+06   9.7664565e-01
   2.7254906e+06   9.7674899e-01
   2.7562531e+06   9.7685233e-01
   2.7620044e+06   9.7695567e-01
   2.7744431e+06   9.7705901e-01
   2.8026644e+06   9.7716234e-01
   2.8501456e+06   9.7726568e-01
   2.8513494e+06   9.7736902e-01
   2.8645906e+06   9.7747236e-01
   2.8665969e+06   9.7757569e-01
   2.8886656e+06   9.7767903e-01
   2.8985631e+06   9.7778237e-01
   2.9119381e+06   9.7788571e-01
   2.9427006e+06   9.7798905e-01
   2.9477831e+06   9.7809238e-01
   2.9583494e+06   9.7819572e-01
   2.9742656e+06   9.7829906e-01
   2.9743994e+06   9.7840240e-01
   2.9772081e+06   9.7850574e-01
   3.0122506e+06   9.7860907e-01
   3.0277656e+06   9.7871241e-01
   3.0617381e+06   9.7881575e-01
   3.0654831e+06   9.7891909e-01
   3.0678906e+06   9.7902242e-01
   3.0768519e+06   9.7912576e-01
   3.0808644e+06   9.7922910e-01
   3.1228619e+06   9.7933244e-01
   3.1330269e+06   9.7943578e-01
   3.1403831e+06   9.7953911e-01
   3.2013731e+06   9.7964245e-01
   3.2206331e+06   9.7974579e-01
   3.2286581e+06   9.7984913e-01
   3.2491219e+06   9.7995246e-01
   3.2948644e+06   9.8005580e-01
   3.2987431e+06   9.8015914e-01
   3.3158631e+06   9.8026248e-01
   3.3205444e+06   9.8036582e-01
   3.3434156e+06   9.8046915e-01
   3.3475619e+06   9.8057249e-01
   3.3499694e+06   9.8067583e-01
   3.3645481e+06   9.8077917e-01
   3.3646819e+06   9.8088250e-01
   3.3824706e+06   9.8098584e-01
   3.4018644e+06   9.8108918e-01
   3.4521544e+06   9.8119252e-01
   3.4635231e+06   9.8129586e-01
   3.4694081e+06   9.8139919e-01
   3.5170231e+06   9.8150253e-01
   3.5583519e+06   9.8160587e-01
   3.6289719e+06   9.8170921e-01
   3.6377994e+06   9.8181255e-01
   3.6506394e+06   9.8191588e-01
   3.6514419e+06   9.8201922e-01
   3.6604031e+06   9.8212256e-01
   3.6624094e+06   9.8222590e-01
   3.6719056e+06   9.8232923e-01
   3.6895606e+06   9.8243257e-01
   3.6926369e+06   9.8253591e-01
   3.6998594e+06   9.8263925e-01
   3.7149731e+06   9.8274259e-01
   3.7679381e+06   9.8284592e-01
   3.7918794e+06   9.8294926e-01
   3.8150181e+06   9.8305260e-01
   3.8203681e+06   9.8315594e-01
   3.8301319e+06   9.8325927e-01
   3.8624994e+06   9.8336261e-01
   3.8748044e+06   9.8346595e-01
   3.9131906e+06   9.8356929e-01
   3.9262981e+06   9.8367263e-01
   3.9276356e+06   9.8377596e-01
   3.9369981e+06   9.8387930e-01
   3.9415456e+06   9.8398264e-01
   4.0105606e+06   9.8408598e-01
   4.0567044e+06   9.8418931e-01
   4.1386931e+06   9.8429265e-01
   4.1393619e+06   9.8439599e-01
   4.1449794e+06   9.8449933e-01
   4.1564819e+06   9.8460267e-01
   4.1718631e+06   9.8470600e-01
   4.1812256e+06   9.8480934e-01
   4.1884481e+06   9.8491268e-01
   4.2487694e+06   9.8501602e-01
   4.2579981e+06   9.8511936e-01
   4.2727106e+06   9.8522269e-01
   4.2755194e+06   9.8532603e-01
   4.3054794e+06   9.8542937e-01
   4.3327644e+06   9.8553271e-01
   4.3484131e+06   9.8563604e-01
   4.3494831e+06   9.8573938e-01
   4.3643294e+06   9.8584272e-01
   4.3782394e+06   9.8594606e-01
   4.3850606e+06   9.8604940e-01
   4.3938881e+06   9.8615273e-01
   4.4291981e+06   9.8625607e-01
   4.4373569e+06   9.8635941e-01
   4.4439106e+06   9.8646275e-01
   4.4690556e+06   9.8656608e-01
   4.4715969e+06   9.8666942e-01
   4.4861756e+06   9.8677276e-01
   4.4991494e+06   9.8687610e-01
   4.5760556e+06   9.8697944e-01
   4.6584456e+06   9.8708277e-01
   4.6885394e+06   9.8718611e-01
   4.7175631e+06   9.8728945e-01
   4.7384281e+06   9.8739279e-01
   4.7578219e+06   9.8749612e-01
   4.7711969e+06   9.8759946e-01
   4.7765469e+06   9.8770280e-01
   4.7999531e+06   9.8780614e-01
   4.8014244e+06   9.8790948e-01
   4.8468994e+06   9.8801281e-01
   4.8514469e+06   9.8811615e-01
   4.9330344e+06   9.8821949e-01
   4.9787769e+06   9.8832283e-01
   5.0435119e+06   9.8842617e-01
   5.0576894e+06   9.8852950e-01
   5.0983494e+06   9.8863284e-01
   5.1537219e+06   9.8873618e-01
   5.1676319e+06   9.8883952e-01
   5.1773956e+06   9.8894285e-01
   5.2195269e+06   9.8904619e-01
   5.2457419e+06   9.8914953e-01
   5.2695494e+06   9.8925287e-01
   5.2826569e+06   9.8935621e-01
   5.2938919e+06   9.8945954e-01
   5.3246544e+06   9.8956288e-01
   5.3586269e+06   9.8966622e-01
   5.3921981e+06   9.8976956e-01
   5.4111906e+06   9.8987289e-01
   5.4206869e+06   9.8997623e-01
   5.4279094e+06   9.9007957e-01
   5.4317881e+06   9.9018291e-01
   5.4359344e+06   9.9028625e-01
   5.4473031e+06   9.9038958e-01
   5.4573344e+06   9.9049292e-01
   5.4649581e+06   9.9059626e-01
   5.4802056e+06   9.9069960e-01
   5.4946506e+06   9.9080293e-01
   5.5738306e+06   9.9090627e-01
   5.5847981e+06   9.9100961e-01
   5.6489981e+06   9.9111295e-01
   5.7222931e+06   9.9121629e-01
   5.7234969e+06   9.9131962e-01
   5.7407506e+06   9.9142296e-01
   5.7481069e+06   9.9152630e-01
   5.7657619e+06   9.9162964e-01
   5.9068681e+06   9.9173298e-01
   5.9164981e+06   9.9183631e-01
   5.9710681e+06   9.9193965e-01
   5.9943406e+06   9.9204299e-01
   6.0137344e+06   9.9214633e-01
   6.0525219e+06   9.9224966e-01
   6.1085631e+06   9.9235300e-01
   6.1387906e+06   9.9245634e-01
   6.1885456e+06   9.9255968e-01
   6.2370969e+06   9.9266302e-01
   6.2567581e+06   9.9276635e-01
   6.2880556e+06   9.9286969e-01
   6.2901956e+06   9.9297303e-01
   6.3239006e+06   9.9307637e-01
   6.4464156e+06   9.9317970e-01
   6.4730319e+06   9.9328304e-01
   6.5160994e+06   9.9338638e-01
   6.5169019e+06   9.9348972e-01
   6.5601031e+06   9.9359306e-01
   6.6034381e+06   9.9369639e-01
   6.6774019e+06   9.9379973e-01
   6.7291631e+06   9.9390307e-01
   6.7369206e+06   9.9400641e-01
   6.7402644e+06   9.9410974e-01
   6.7422706e+06   9.9421308e-01
   6.9022356e+06   9.9431642e-01
   7.0008094e+06   9.9441976e-01
   7.0375906e+06   9.9452310e-01
   7.0425394e+06   9.9462643e-01
   7.3674181e+06   9.9472977e-01
   7.6083019e+06   9.9483311e-01
   7.7388419e+06   9.9493645e-01
   7.9985844e+06   9.9503979e-01
   8.0059406e+06   9.9514312e-01
   8.0143669e+06   9.9524646e-01
   8.1596194e+06   9.9534980e-01
   8.2276981e+06   9.9545314e-01
   8.2778544e+06   9.9555647e-01
   8.2870831e+06   9.9565981e-01
   8.7585519e+06   9.9576315e-01
   9.3475869e+06   9.9586649e-01
   9.3513319e+06   9.9596983e-01
   9.5234681e+06   9.9607316e-01
   9.6550781e+06   9.9617650e-01
   9.8399206e+06   9.9627984e-01
   9.8447356e+06   9.9638318e-01
   9.8530281e+06   9.9648651e-01
   1.0100064e+07   9.9669319e-01
   1.0199976e+07   9.9679653e-01
   1.0300021e+07   9.9710654e-01
   1.0600022e+07   9.9720988e-01
   1.0999934e+07   9.9731322e-01
   1.1800027e+07   9.9751989e-01
   1.3199988e+07   9.9762323e-01
   1.3300033e+07   9.9772657e-01
   1.3399944e+07   9.9782991e-01
   1.3499989e+07   9.9793324e-01
   1.4299948e+07   9.9803658e-01
   1.4500038e+07   9.9813992e-01
   1.4899951e+07   9.9824326e-01
   1.5100041e+07   9.9834660e-01
   1.5299997e+07   9.9844993e-01
   1.5499953e+07   9.9865661e-01
   1.6000044e+07   9.9875995e-01
   1.6300046e+07   9.9886328e-01
   1.6699958e+07   9.9896662e-01
   2.0100017e+07   9.9906996e-01
   2.0299973e+07   9.9927664e-01
   2.0800064e+07   9.9937997e-01
   2.1699934e+07   9.9948331e-01
   2.4699947e+07   9.9958665e-01
   2.6700044e+07   9.9968999e-01
   2.8200051e+07   9.9979332e-01
   3.9500053e+07   9.9989666e-01
   5.3499933e+07   1.0000000e+00
