CopyNumber	CumulativeDistributionFunction
   7.5077750e+01   2.5855211e-03
   2.2523325e+02   9.1487669e-03
   3.7538875e+02   1.6109785e-02
   5.2554425e+02   2.4065235e-02
   6.7569975e+02   3.0031822e-02
   8.2585525e+02   3.8981702e-02
   9.7601075e+02   4.4948290e-02
   1.1261662e+03   5.0914877e-02
   1.2763218e+03   5.8472554e-02
   1.4264773e+03   6.4041368e-02
   1.5766328e+03   7.1201273e-02
   1.7267883e+03   7.8162291e-02
   1.8769438e+03   8.3532220e-02
   2.0270993e+03   9.1885442e-02
   2.1772548e+03   9.8050915e-02
   2.3274103e+03   1.0103421e-01
   2.4775658e+03   1.0739857e-01
   2.6277213e+03   1.1137629e-01
   2.7778768e+03   1.1694511e-01
   2.9280323e+03   1.2012729e-01
   3.0781878e+03   1.2569610e-01
   3.2283433e+03   1.2867940e-01
   3.3784988e+03   1.3305489e-01
   3.5286543e+03   1.3703262e-01
   3.6788098e+03   1.4240255e-01
   3.8289653e+03   1.4797136e-01
   3.9791208e+03   1.5194909e-01
   4.1292763e+03   1.5712013e-01
   4.2794318e+03   1.6129674e-01
   4.4295873e+03   1.6626889e-01
   4.5797428e+03   1.6984885e-01
   4.7298983e+03   1.7283214e-01
   4.8800538e+03   1.7700875e-01
   5.0302093e+03   1.8257757e-01
   5.1803648e+03   1.8536197e-01
   5.3305203e+03   1.8933970e-01
   5.4806758e+03   1.9272076e-01
   5.6308313e+03   1.9610183e-01
   5.7809868e+03   2.0167064e-01
   5.9311423e+03   2.0564837e-01
   6.0812978e+03   2.0982498e-01
   6.2314533e+03   2.1201273e-01
   6.3816088e+03   2.1459825e-01
   6.5317643e+03   2.1678600e-01
   6.6819198e+03   2.1996818e-01
   6.8320753e+03   2.2275259e-01
   6.9822308e+03   2.2573588e-01
   7.1323863e+03   2.2871917e-01
   7.2825418e+03   2.3110581e-01
   7.4326973e+03   2.3468576e-01
   7.5828528e+03   2.3846460e-01
   7.7330083e+03   2.4204455e-01
   7.8831638e+03   2.4502784e-01
   8.0333193e+03   2.4701671e-01
   8.1834748e+03   2.5079554e-01
   8.3336303e+03   2.5258552e-01
   8.4837858e+03   2.5417661e-01
   8.6339413e+03   2.5616547e-01
   8.7840968e+03   2.5815434e-01
   8.9342523e+03   2.6093874e-01
   9.0844078e+03   2.6193317e-01
   9.2345633e+03   2.6471758e-01
   9.3847188e+03   2.6789976e-01
   9.5348743e+03   2.6968974e-01
   9.6850298e+03   2.7227526e-01
   9.8351853e+03   2.7366746e-01
   9.9853408e+03   2.7625298e-01
   1.0135496e+04   2.7784407e-01
   1.0285652e+04   2.8003182e-01
   1.0435807e+04   2.8162291e-01
   1.0585963e+04   2.8420843e-01
   1.0736118e+04   2.8659507e-01
   1.0886274e+04   2.8798727e-01
   1.1036429e+04   2.8997613e-01
   1.1186585e+04   2.9196500e-01
   1.1336740e+04   2.9395386e-01
   1.1486896e+04   2.9594272e-01
   1.1637051e+04   2.9733492e-01
   1.1787207e+04   2.9952267e-01
   1.1937362e+04   3.0051710e-01
   1.2087518e+04   3.0151154e-01
   1.2237673e+04   3.0409706e-01
   1.2387829e+04   3.0628481e-01
   1.2537984e+04   3.0827367e-01
   1.2688140e+04   3.0986476e-01
   1.2838295e+04   3.1245028e-01
   1.2988451e+04   3.1503580e-01
   1.3138606e+04   3.1662689e-01
   1.3288762e+04   3.1702466e-01
   1.3438917e+04   3.1801909e-01
   1.3589073e+04   3.1941130e-01
   1.3739228e+04   3.2040573e-01
   1.3889384e+04   3.2120127e-01
   1.4039539e+04   3.2219570e-01
   1.4189695e+04   3.2398568e-01
   1.4339850e+04   3.2557677e-01
   1.4490006e+04   3.2756563e-01
   1.4640161e+04   3.2915672e-01
   1.4790317e+04   3.2995227e-01
   1.4940472e+04   3.3174224e-01
   1.5090628e+04   3.3293556e-01
   1.5240783e+04   3.3492442e-01
   1.5390939e+04   3.3631663e-01
   1.5541094e+04   3.3770883e-01
   1.5691250e+04   3.3890215e-01
   1.5841405e+04   3.3949881e-01
   1.5991561e+04   3.4029435e-01
   1.6141716e+04   3.4208433e-01
   1.6291872e+04   3.4367542e-01
   1.6442027e+04   3.4506762e-01
   1.6592183e+04   3.4526651e-01
   1.6742338e+04   3.4685760e-01
   1.6892494e+04   3.4785203e-01
   1.7042649e+04   3.4864757e-01
   1.7192805e+04   3.5043755e-01
   1.7342960e+04   3.5143198e-01
   1.7493116e+04   3.5282418e-01
   1.7643271e+04   3.5401750e-01
   1.7793427e+04   3.5481305e-01
   1.7943582e+04   3.5600636e-01
   1.8093738e+04   3.5719968e-01
   1.8243893e+04   3.5879077e-01
   1.8394049e+04   3.6018298e-01
   1.8544204e+04   3.6058075e-01
   1.8694360e+04   3.6256961e-01
   1.8844515e+04   3.6396181e-01
   1.8994671e+04   3.6535402e-01
   1.9144826e+04   3.6614956e-01
   1.9294982e+04   3.6714399e-01
   1.9445137e+04   3.6833731e-01
   1.9595293e+04   3.7032617e-01
   1.9745448e+04   3.7191726e-01
   1.9895604e+04   3.7350835e-01
   2.0045759e+04   3.7549722e-01
   2.0195915e+04   3.7629276e-01
   2.0346070e+04   3.7768496e-01
   2.0496226e+04   3.7867940e-01
   2.0646381e+04   3.8007160e-01
   2.0796537e+04   3.8106603e-01
   2.0946692e+04   3.8206046e-01
   2.1096848e+04   3.8444710e-01
   2.1247003e+04   3.8544153e-01
   2.1397159e+04   3.8703262e-01
   2.1547314e+04   3.8802705e-01
   2.1697470e+04   3.8882259e-01
   2.1847625e+04   3.9101034e-01
   2.1997781e+04   3.9240255e-01
   2.2147936e+04   3.9339698e-01
   2.2298092e+04   3.9439141e-01
   2.2448247e+04   3.9518695e-01
   2.2598403e+04   3.9638027e-01
   2.2748558e+04   3.9657916e-01
   2.2898714e+04   3.9797136e-01
   2.3048869e+04   3.9936356e-01
   2.3199025e+04   4.0055688e-01
   2.3349180e+04   4.0214797e-01
   2.3499336e+04   4.0234686e-01
   2.3649491e+04   4.0314240e-01
   2.3799647e+04   4.0334129e-01
   2.3949802e+04   4.0493238e-01
   2.4099958e+04   4.0592681e-01
   2.4250113e+04   4.0632458e-01
   2.4400269e+04   4.0692124e-01
   2.4550424e+04   4.0771679e-01
   2.4700580e+04   4.0831344e-01
   2.4850735e+04   4.0950676e-01
   2.5000891e+04   4.1050119e-01
   2.5151046e+04   4.1169451e-01
   2.5301202e+04   4.1328560e-01
   2.5451357e+04   4.1368337e-01
   2.5601513e+04   4.1428003e-01
   2.5751668e+04   4.1487669e-01
   2.5901824e+04   4.1567224e-01
   2.6051979e+04   4.1626889e-01
   2.6202135e+04   4.1686555e-01
   2.6352290e+04   4.1746221e-01
   2.6502446e+04   4.1825776e-01
   2.6652601e+04   4.1925219e-01
   2.6802757e+04   4.1964996e-01
   2.6952912e+04   4.2143994e-01
   2.7103068e+04   4.2203660e-01
   2.7253223e+04   4.2342880e-01
   2.7403379e+04   4.2382657e-01
   2.7553534e+04   4.2442323e-01
   2.7703690e+04   4.2521877e-01
   2.7853845e+04   4.2680986e-01
   2.8004001e+04   4.2840095e-01
   2.8154156e+04   4.2919650e-01
   2.8304312e+04   4.3058870e-01
   2.8454467e+04   4.3138425e-01
   2.8604623e+04   4.3158313e-01
   2.8754778e+04   4.3217979e-01
   2.8904934e+04   4.3357200e-01
   2.9055089e+04   4.3476531e-01
   2.9205245e+04   4.3615752e-01
   2.9355400e+04   4.3675418e-01
   2.9505556e+04   4.3715195e-01
   2.9655711e+04   4.3774861e-01
   2.9805867e+04   4.3933970e-01
   2.9956022e+04   4.4013524e-01
   3.0106178e+04   4.4053302e-01
   3.0256333e+04   4.4132856e-01
   3.0406489e+04   4.4172633e-01
   3.0556644e+04   4.4192522e-01
   3.0706800e+04   4.4311854e-01
   3.0856955e+04   4.4391408e-01
   3.1007111e+04   4.4510740e-01
   3.1157266e+04   4.4649960e-01
   3.1307422e+04   4.4689737e-01
   3.1457577e+04   4.4789181e-01
   3.1607733e+04   4.4848846e-01
   3.1757888e+04   4.4908512e-01
   3.1908044e+04   4.5027844e-01
   3.2058199e+04   4.5107399e-01
   3.2208355e+04   4.5167064e-01
   3.2358510e+04   4.5226730e-01
   3.2508666e+04   4.5286396e-01
   3.2658821e+04   4.5346062e-01
   3.2808977e+04   4.5445505e-01
   3.2959132e+04   4.5525060e-01
   3.3109288e+04   4.5544948e-01
   3.3259443e+04   4.5684169e-01
   3.3409599e+04   4.5803500e-01
   3.3559754e+04   4.5863166e-01
   3.3709910e+04   4.5883055e-01
   3.3860065e+04   4.6062053e-01
   3.4010221e+04   4.6141607e-01
   3.4160376e+04   4.6221161e-01
   3.4310532e+04   4.6360382e-01
   3.4460687e+04   4.6420048e-01
   3.4610843e+04   4.6479714e-01
   3.4760998e+04   4.6599045e-01
   3.4911154e+04   4.6678600e-01
   3.5061309e+04   4.6758154e-01
   3.5211465e+04   4.6817820e-01
   3.5361620e+04   4.6917263e-01
   3.5511776e+04   4.6937152e-01
   3.5661931e+04   4.6957041e-01
   3.5812087e+04   4.7016706e-01
   3.5962242e+04   4.7036595e-01
   3.6112398e+04   4.7195704e-01
   3.6262553e+04   4.7235481e-01
   3.6412709e+04   4.7315036e-01
   3.6562864e+04   4.7374702e-01
   3.6713020e+04   4.7434368e-01
   3.6863175e+04   4.7494033e-01
   3.7013331e+04   4.7553699e-01
   3.7163486e+04   4.7653142e-01
   3.7313642e+04   4.7673031e-01
   3.7463797e+04   4.7732697e-01
   3.7613953e+04   4.7812251e-01
   3.7764108e+04   4.7871917e-01
   3.7914264e+04   4.7931583e-01
   3.8064419e+04   4.8050915e-01
   3.8214575e+04   4.8130469e-01
   3.8364730e+04   4.8210024e-01
   3.8514886e+04   4.8249801e-01
   3.8665041e+04   4.8289578e-01
   3.8815197e+04   4.8329356e-01
   3.8965352e+04   4.8428799e-01
   3.9115508e+04   4.8568019e-01
   3.9265663e+04   4.8667462e-01
   3.9415819e+04   4.8786794e-01
   3.9565974e+04   4.8866348e-01
   3.9716130e+04   4.8926014e-01
   3.9866285e+04   4.8965792e-01
   4.0016441e+04   4.9005569e-01
   4.0166596e+04   4.9124901e-01
   4.0316752e+04   4.9204455e-01
   4.0466907e+04   4.9244232e-01
   4.0617063e+04   4.9323787e-01
   4.0767218e+04   4.9403341e-01
   4.0917374e+04   4.9463007e-01
   4.1067529e+04   4.9542562e-01
   4.1217685e+04   4.9642005e-01
   4.1367840e+04   4.9681782e-01
   4.1517996e+04   4.9721559e-01
   4.1668151e+04   4.9821002e-01
   4.1818307e+04   4.9900557e-01
   4.1968462e+04   4.9980111e-01
   4.2118618e+04   5.0059666e-01
   4.2268773e+04   5.0099443e-01
   4.2418929e+04   5.0139220e-01
   4.2569084e+04   5.0238663e-01
   4.2719240e+04   5.0278441e-01
   4.2869395e+04   5.0338107e-01
   4.3019551e+04   5.0437550e-01
   4.3169706e+04   5.0536993e-01
   4.3319862e+04   5.0596659e-01
   4.3470017e+04   5.0616547e-01
   4.3620173e+04   5.0715990e-01
   4.3770328e+04   5.0755768e-01
   4.3920484e+04   5.0815434e-01
   4.4070639e+04   5.0875099e-01
   4.4220795e+04   5.0954654e-01
   4.4521106e+04   5.1054097e-01
   4.4671261e+04   5.1113763e-01
   4.4821417e+04   5.1153540e-01
   4.4971572e+04   5.1193317e-01
   4.5121728e+04   5.1233095e-01
   4.5422039e+04   5.1272872e-01
   4.5572194e+04   5.1312649e-01
   4.5722350e+04   5.1372315e-01
   4.5872505e+04   5.1412092e-01
   4.6022661e+04   5.1471758e-01
   4.6172816e+04   5.1531424e-01
   4.6322972e+04   5.1551313e-01
   4.6473127e+04   5.1591090e-01
   4.6623283e+04   5.1650756e-01
   4.6773438e+04   5.1750199e-01
   4.6923594e+04   5.1789976e-01
   4.7073749e+04   5.1849642e-01
   4.7223905e+04   5.1949085e-01
   4.7374060e+04   5.2028640e-01
   4.7524216e+04   5.2128083e-01
   4.7674371e+04   5.2187749e-01
   4.7824527e+04   5.2207637e-01
   4.7974682e+04   5.2227526e-01
   4.8124838e+04   5.2287192e-01
   4.8274993e+04   5.2386635e-01
   4.8425149e+04   5.2446301e-01
   4.8575304e+04   5.2525855e-01
   4.8725460e+04   5.2565632e-01
   4.8875615e+04   5.2665076e-01
   4.9025771e+04   5.2764519e-01
   4.9175926e+04   5.2844073e-01
   4.9326082e+04   5.2863962e-01
   4.9476237e+04   5.2883850e-01
   4.9626393e+04   5.2903739e-01
   4.9776548e+04   5.2943516e-01
   4.9926704e+04   5.2963405e-01
   5.0076859e+04   5.3082737e-01
   5.0227015e+04   5.3202068e-01
   5.0377170e+04   5.3221957e-01
   5.0527326e+04   5.3281623e-01
   5.0677481e+04   5.3321400e-01
   5.0827637e+04   5.3381066e-01
   5.0977792e+04   5.3420843e-01
   5.1127948e+04   5.3480509e-01
   5.1278103e+04   5.3540175e-01
   5.1428259e+04   5.3560064e-01
   5.1578414e+04   5.3619730e-01
   5.1878725e+04   5.3719173e-01
   5.2028881e+04   5.3798727e-01
   5.2179036e+04   5.3818616e-01
   5.2329192e+04   5.3878282e-01
   5.2479347e+04   5.3918059e-01
   5.2629503e+04   5.3937947e-01
   5.2779658e+04   5.3997613e-01
   5.2929814e+04   5.4057279e-01
   5.3079969e+04   5.4077168e-01
   5.3230125e+04   5.4136834e-01
   5.3380280e+04   5.4176611e-01
   5.3530436e+04   5.4236277e-01
   5.3680591e+04   5.4276054e-01
   5.3830747e+04   5.4335720e-01
   5.3980902e+04   5.4375497e-01
   5.4131058e+04   5.4415274e-01
   5.4281213e+04   5.4455052e-01
   5.4431369e+04   5.4514718e-01
   5.4581524e+04   5.4534606e-01
   5.4731680e+04   5.4554495e-01
   5.5031991e+04   5.4594272e-01
   5.5182146e+04   5.4634049e-01
   5.5332302e+04   5.4673827e-01
   5.5482457e+04   5.4713604e-01
   5.5782768e+04   5.4753381e-01
   5.5932924e+04   5.4773270e-01
   5.6233235e+04   5.4793158e-01
   5.6383390e+04   5.4832936e-01
   5.6533546e+04   5.4852824e-01
   5.6683701e+04   5.4912490e-01
   5.6833857e+04   5.4972156e-01
   5.7134168e+04   5.5011933e-01
   5.7284323e+04   5.5031822e-01
   5.7434479e+04   5.5071599e-01
   5.7584634e+04   5.5151154e-01
   5.7734790e+04   5.5230708e-01
   5.7884945e+04   5.5270485e-01
   5.8035101e+04   5.5369928e-01
   5.8185256e+04   5.5389817e-01
   5.8335412e+04   5.5409706e-01
   5.8485567e+04   5.5469372e-01
   5.8635723e+04   5.5548926e-01
   5.8785878e+04   5.5608592e-01
   5.8936034e+04   5.5668258e-01
   5.9236345e+04   5.5688146e-01
   5.9386500e+04   5.5767701e-01
   5.9536656e+04   5.5787589e-01
   5.9686811e+04   5.5807478e-01
   5.9836967e+04   5.5867144e-01
   5.9987122e+04   5.5906921e-01
   6.0137278e+04   5.5946698e-01
   6.0287433e+04   5.5966587e-01
   6.0437589e+04   5.6046142e-01
   6.0587744e+04   5.6085919e-01
   6.0737900e+04   5.6185362e-01
   6.0888055e+04   5.6245028e-01
   6.1038211e+04   5.6344471e-01
   6.1188366e+04   5.6443914e-01
   6.1338522e+04   5.6463803e-01
   6.1488677e+04   5.6483691e-01
   6.1638833e+04   5.6563246e-01
   6.1788988e+04   5.6583134e-01
   6.1939144e+04   5.6742243e-01
   6.2089299e+04   5.6801909e-01
   6.2239455e+04   5.6841687e-01
   6.2389610e+04   5.6861575e-01
   6.2539766e+04   5.6921241e-01
   6.2689921e+04   5.7000796e-01
   6.2840077e+04   5.7080350e-01
   6.3140388e+04   5.7100239e-01
   6.3290543e+04   5.7120127e-01
   6.3590854e+04   5.7259348e-01
   6.3741010e+04   5.7299125e-01
   6.3891165e+04   5.7319014e-01
   6.4041321e+04   5.7358791e-01
   6.4191476e+04   5.7378679e-01
   6.4341632e+04   5.7458234e-01
   6.4491787e+04   5.7498011e-01
   6.4641943e+04   5.7537788e-01
   6.4792098e+04   5.7577566e-01
   6.4942254e+04   5.7597454e-01
   6.5092409e+04   5.7617343e-01
   6.5242565e+04   5.7657120e-01
   6.5392720e+04   5.7696897e-01
   6.5542876e+04   5.7716786e-01
   6.5693031e+04   5.7776452e-01
   6.5843187e+04   5.7836118e-01
   6.6143498e+04   5.7856006e-01
   6.6293653e+04   5.7915672e-01
   6.6593964e+04   5.7955449e-01
   6.6744120e+04   5.7975338e-01
   6.6894275e+04   5.7995227e-01
   6.7044431e+04   5.8015115e-01
   6.7344742e+04   5.8035004e-01
   6.7494897e+04   5.8074781e-01
   6.7645053e+04   5.8134447e-01
   6.7795208e+04   5.8174224e-01
   6.7945364e+04   5.8214002e-01
   6.8095519e+04   5.8273667e-01
   6.8245675e+04   5.8313445e-01
   6.8395830e+04   5.8392999e-01
   6.8545986e+04   5.8432776e-01
   6.8696141e+04   5.8472554e-01
   6.8846297e+04   5.8532220e-01
   6.9296763e+04   5.8591885e-01
   6.9446919e+04   5.8611774e-01
   6.9747230e+04   5.8651551e-01
   6.9897385e+04   5.8691329e-01
   7.0047541e+04   5.8750994e-01
   7.0197696e+04   5.8770883e-01
   7.0347852e+04   5.8810660e-01
   7.0498007e+04   5.8830549e-01
   7.0648163e+04   5.8850438e-01
   7.0798318e+04   5.8870326e-01
   7.1098629e+04   5.8890215e-01
   7.1248785e+04   5.8929992e-01
   7.1398940e+04   5.8949881e-01
   7.1699251e+04   5.8989658e-01
   7.1849407e+04   5.9029435e-01
   7.1999562e+04   5.9089101e-01
   7.2149718e+04   5.9128878e-01
   7.2600184e+04   5.9208433e-01
   7.2750340e+04   5.9228321e-01
   7.3050651e+04   5.9268099e-01
   7.3200806e+04   5.9307876e-01
   7.3501117e+04   5.9367542e-01
   7.3801428e+04   5.9407319e-01
   7.3951584e+04   5.9427208e-01
   7.4101739e+04   5.9486874e-01
   7.4251895e+04   5.9526651e-01
   7.4402050e+04   5.9566428e-01
   7.4552206e+04   5.9586317e-01
   7.4852517e+04   5.9645982e-01
   7.5152828e+04   5.9685760e-01
   7.5302983e+04   5.9705648e-01
   7.5453139e+04   5.9745426e-01
   7.5603294e+04   5.9765314e-01
   7.5903605e+04   5.9785203e-01
   7.6053761e+04   5.9805091e-01
   7.6203916e+04   5.9844869e-01
   7.6504227e+04   5.9864757e-01
   7.6654383e+04   5.9884646e-01
   7.6954694e+04   5.9924423e-01
   7.7104849e+04   5.9944312e-01
   7.7255005e+04   5.9984089e-01
   7.7405160e+04   6.0003978e-01
   7.7705471e+04   6.0043755e-01
   7.7855627e+04   6.0083532e-01
   7.8005782e+04   6.0123309e-01
   7.8155938e+04   6.0163087e-01
   7.8456249e+04   6.0202864e-01
   7.8606404e+04   6.0242641e-01
   7.8756560e+04   6.0282418e-01
   7.9207026e+04   6.0342084e-01
   7.9657493e+04   6.0381862e-01
   7.9807648e+04   6.0461416e-01
   7.9957804e+04   6.0481305e-01
   8.0258115e+04   6.0501193e-01
   8.0558426e+04   6.0540971e-01
   8.0858737e+04   6.0600636e-01
   8.1008892e+04   6.0640414e-01
   8.1459359e+04   6.0660302e-01
   8.1609514e+04   6.0700080e-01
   8.2059981e+04   6.0739857e-01
   8.2210136e+04   6.0779634e-01
   8.2510447e+04   6.0839300e-01
   8.2810758e+04   6.0879077e-01
   8.2960914e+04   6.0918854e-01
   8.3261225e+04   6.0958632e-01
   8.3411380e+04   6.0978520e-01
   8.3561536e+04   6.0998409e-01
   8.3861847e+04   6.1018298e-01
   8.4162158e+04   6.1117741e-01
   8.4462469e+04   6.1177407e-01
   8.4612624e+04   6.1237072e-01
   8.4762780e+04   6.1276850e-01
   8.4912935e+04   6.1296738e-01
   8.5213246e+04   6.1316627e-01
   8.5513557e+04   6.1356404e-01
   8.5663713e+04   6.1396181e-01
   8.5964024e+04   6.1435959e-01
   8.6114179e+04   6.1455847e-01
   8.6264335e+04   6.1475736e-01
   8.6564646e+04   6.1495625e-01
   8.6714801e+04   6.1515513e-01
   8.6864957e+04   6.1595068e-01
   8.7015112e+04   6.1634845e-01
   8.7165268e+04   6.1714399e-01
   8.7615734e+04   6.1734288e-01
   8.7765890e+04   6.1774065e-01
   8.7916045e+04   6.1793954e-01
   8.8066201e+04   6.1833731e-01
   8.8216356e+04   6.1873508e-01
   8.8366512e+04   6.1913286e-01
   8.8516667e+04   6.1933174e-01
   8.8816978e+04   6.1953063e-01
   8.8967134e+04   6.1972951e-01
   8.9117289e+04   6.2012729e-01
   8.9267445e+04   6.2032617e-01
   8.9567756e+04   6.2052506e-01
   8.9717911e+04   6.2072395e-01
   8.9868067e+04   6.2132060e-01
   9.0018222e+04   6.2171838e-01
   9.0318533e+04   6.2211615e-01
   9.0468689e+04   6.2231504e-01
   9.0618844e+04   6.2271281e-01
   9.0769000e+04   6.2291169e-01
   9.0919155e+04   6.2311058e-01
   9.1219466e+04   6.2330947e-01
   9.1369622e+04   6.2350835e-01
   9.1669933e+04   6.2390613e-01
   9.1970244e+04   6.2410501e-01
   9.2270555e+04   6.2430390e-01
   9.2420710e+04   6.2490056e-01
   9.2721021e+04   6.2549722e-01
   9.2871177e+04   6.2569610e-01
   9.3021332e+04   6.2609387e-01
   9.3171488e+04   6.2629276e-01
   9.3471799e+04   6.2649165e-01
   9.3621954e+04   6.2669053e-01
   9.3772110e+04   6.2748608e-01
   9.3922265e+04   6.2768496e-01
   9.4222576e+04   6.2808274e-01
   9.4372732e+04   6.2848051e-01
   9.4522887e+04   6.2887828e-01
   9.4673043e+04   6.2927605e-01
   9.5123509e+04   6.2947494e-01
   9.5423820e+04   6.2967383e-01
   9.5874287e+04   6.2987271e-01
   9.6024442e+04   6.3027049e-01
   9.6174598e+04   6.3046937e-01
   9.6324753e+04   6.3086714e-01
   9.6474909e+04   6.3106603e-01
   9.6775220e+04   6.3126492e-01
   9.6925375e+04   6.3146380e-01
   9.7225686e+04   6.3206046e-01
   9.7375842e+04   6.3245823e-01
   9.7525997e+04   6.3265712e-01
   9.7676153e+04   6.3345267e-01
   9.7826308e+04   6.3385044e-01
   9.7976464e+04   6.3404932e-01
   9.8126619e+04   6.3424821e-01
   9.8577086e+04   6.3444710e-01
   9.9027552e+04   6.3464598e-01
   9.9177708e+04   6.3504375e-01
   9.9327863e+04   6.3564041e-01
   9.9478019e+04   6.3643596e-01
   9.9628174e+04   6.3703262e-01
   9.9778330e+04   6.3723150e-01
   9.9928485e+04   6.3762928e-01
   1.0007864e+05   6.3802705e-01
   1.0037895e+05   6.3822593e-01
   1.0052911e+05   6.3842482e-01
   1.0082942e+05   6.3862371e-01
   1.0097957e+05   6.3902148e-01
   1.0112973e+05   6.3941925e-01
   1.0127988e+05   6.4001591e-01
   1.0143004e+05   6.4021480e-01
   1.0158020e+05   6.4081146e-01
   1.0173035e+05   6.4101034e-01
   1.0188051e+05   6.4180589e-01
   1.0248113e+05   6.4220366e-01
   1.0263128e+05   6.4240255e-01
   1.0278144e+05   6.4299920e-01
   1.0293160e+05   6.4359586e-01
   1.0323191e+05   6.4379475e-01
   1.0368237e+05   6.4399364e-01
   1.0383253e+05   6.4419252e-01
   1.0398268e+05   6.4498807e-01
   1.0413284e+05   6.4518695e-01
   1.0443315e+05   6.4558473e-01
   1.0503377e+05   6.4578361e-01
   1.0518393e+05   6.4598250e-01
   1.0533408e+05   6.4618138e-01
   1.0563439e+05   6.4638027e-01
   1.0578455e+05   6.4657916e-01
   1.0608486e+05   6.4717582e-01
   1.0638517e+05   6.4757359e-01
   1.0653533e+05   6.4777247e-01
   1.0668548e+05   6.4797136e-01
   1.0683564e+05   6.4817025e-01
   1.0698579e+05   6.4836913e-01
   1.0713595e+05   6.4876691e-01
   1.0728610e+05   6.4896579e-01
   1.0743626e+05   6.4916468e-01
   1.0758642e+05   6.4936356e-01
   1.0773657e+05   6.4996022e-01
   1.0818704e+05   6.5055688e-01
   1.0833719e+05   6.5095465e-01
   1.0848735e+05   6.5155131e-01
   1.0893782e+05   6.5175020e-01
   1.0908797e+05   6.5234686e-01
   1.0953844e+05   6.5274463e-01
   1.0998890e+05   6.5314240e-01
   1.1013906e+05   6.5393795e-01
   1.1043937e+05   6.5413683e-01
   1.1058953e+05   6.5433572e-01
   1.1073968e+05   6.5453461e-01
   1.1088984e+05   6.5513126e-01
   1.1103999e+05   6.5533015e-01
   1.1119015e+05   6.5572792e-01
   1.1134030e+05   6.5612570e-01
   1.1149046e+05   6.5672235e-01
   1.1164061e+05   6.5712013e-01
   1.1179077e+05   6.5771679e-01
   1.1209108e+05   6.5791567e-01
   1.1269170e+05   6.5811456e-01
   1.1284186e+05   6.5871122e-01
   1.1299201e+05   6.5910899e-01
   1.1314217e+05   6.5990453e-01
   1.1329232e+05   6.6010342e-01
   1.1404310e+05   6.6030231e-01
   1.1419326e+05   6.6050119e-01
   1.1464372e+05   6.6089897e-01
   1.1524435e+05   6.6129674e-01
   1.1554466e+05   6.6169451e-01
   1.1569481e+05   6.6189340e-01
   1.1584497e+05   6.6249006e-01
   1.1599512e+05   6.6328560e-01
   1.1629543e+05   6.6348449e-01
   1.1659575e+05   6.6408115e-01
   1.1674590e+05   6.6428003e-01
   1.1689606e+05   6.6467780e-01
   1.1719637e+05   6.6487669e-01
   1.1749668e+05   6.6527446e-01
   1.1764683e+05   6.6547335e-01
   1.1779699e+05   6.6587112e-01
   1.1794715e+05   6.6607001e-01
   1.1809730e+05   6.6626889e-01
   1.1839761e+05   6.6666667e-01
   1.1869792e+05   6.6706444e-01
   1.1884808e+05   6.6766110e-01
   1.1929854e+05   6.6785998e-01
   1.1944870e+05   6.6805887e-01
   1.1959886e+05   6.6825776e-01
   1.1974901e+05   6.6865553e-01
   1.1989917e+05   6.6885442e-01
   1.2019948e+05   6.6945107e-01
   1.2080010e+05   6.6984885e-01
   1.2110041e+05   6.7004773e-01
   1.2140072e+05   6.7024662e-01
   1.2185119e+05   6.7044551e-01
   1.2200134e+05   6.7064439e-01
   1.2230165e+05   6.7104216e-01
   1.2290228e+05   6.7124105e-01
   1.2305243e+05   6.7163882e-01
   1.2365305e+05   6.7203660e-01
   1.2395337e+05   6.7223548e-01
   1.2440383e+05   6.7243437e-01
   1.2455399e+05   6.7263325e-01
   1.2485430e+05   6.7322991e-01
   1.2530476e+05   6.7362768e-01
   1.2575523e+05   6.7382657e-01
   1.2605554e+05   6.7402546e-01
   1.2620570e+05   6.7422434e-01
   1.2635585e+05   6.7442323e-01
   1.2710663e+05   6.7462212e-01
   1.2740694e+05   6.7482100e-01
   1.2755710e+05   6.7501989e-01
   1.2770725e+05   6.7541766e-01
   1.2785741e+05   6.7561655e-01
   1.2800756e+05   6.7621321e-01
   1.2815772e+05   6.7641209e-01
   1.2845803e+05   6.7661098e-01
   1.2860819e+05   6.7740652e-01
   1.2905865e+05   6.7760541e-01
   1.2920881e+05   6.7820207e-01
   1.2935896e+05   6.7840095e-01
   1.2950912e+05   6.7879873e-01
   1.2965927e+05   6.7919650e-01
   1.2980943e+05   6.7959427e-01
   1.2995959e+05   6.7999204e-01
   1.3010974e+05   6.8038982e-01
   1.3025990e+05   6.8058870e-01
   1.3041005e+05   6.8098648e-01
   1.3071036e+05   6.8138425e-01
   1.3086052e+05   6.8158313e-01
   1.3146114e+05   6.8178202e-01
   1.3221192e+05   6.8198091e-01
   1.3236207e+05   6.8237868e-01
   1.3251223e+05   6.8257757e-01
   1.3296270e+05   6.8297534e-01
   1.3311285e+05   6.8317422e-01
   1.3341316e+05   6.8337311e-01
   1.3371347e+05   6.8357200e-01
   1.3386363e+05   6.8377088e-01
   1.3401378e+05   6.8436754e-01
   1.3416394e+05   6.8456643e-01
   1.3431409e+05   6.8476531e-01
   1.3446425e+05   6.8516309e-01
   1.3461441e+05   6.8536197e-01
   1.3476456e+05   6.8575975e-01
   1.3491472e+05   6.8615752e-01
   1.3506487e+05   6.8635640e-01
   1.3551534e+05   6.8655529e-01
   1.3626612e+05   6.8675418e-01
   1.3641627e+05   6.8715195e-01
   1.3701689e+05   6.8735084e-01
   1.3716705e+05   6.8754972e-01
   1.3746736e+05   6.8794749e-01
   1.3776767e+05   6.8834527e-01
   1.3791783e+05   6.8874304e-01
   1.3851845e+05   6.8894193e-01
   1.3866860e+05   6.8933970e-01
   1.3881876e+05   6.8953858e-01
   1.3896892e+05   6.8973747e-01
   1.3911907e+05   6.8993636e-01
   1.3956954e+05   6.9013524e-01
   1.4002000e+05   6.9053302e-01
   1.4017016e+05   6.9073190e-01
   1.4092094e+05   6.9112967e-01
   1.4122125e+05   6.9152745e-01
   1.4137140e+05   6.9192522e-01
   1.4167171e+05   6.9232299e-01
   1.4197203e+05   6.9252188e-01
   1.4212218e+05   6.9272076e-01
   1.4227234e+05   6.9291965e-01
   1.4257265e+05   6.9311854e-01
   1.4287296e+05   6.9331742e-01
   1.4302311e+05   6.9371519e-01
   1.4332342e+05   6.9391408e-01
   1.4347358e+05   6.9411297e-01
   1.4362374e+05   6.9451074e-01
   1.4377389e+05   6.9490851e-01
   1.4407420e+05   6.9530628e-01
   1.4437451e+05   6.9550517e-01
   1.4467482e+05   6.9630072e-01
   1.4512529e+05   6.9649960e-01
   1.4572591e+05   6.9669849e-01
   1.4602622e+05   6.9689737e-01
   1.4617638e+05   6.9729515e-01
   1.4632653e+05   6.9789181e-01
   1.4647669e+05   6.9809069e-01
   1.4662685e+05   6.9828958e-01
   1.4677700e+05   6.9868735e-01
   1.4722747e+05   6.9888624e-01
   1.4752778e+05   6.9908512e-01
   1.4782809e+05   6.9928401e-01
   1.4812840e+05   6.9968178e-01
   1.4827856e+05   6.9988067e-01
   1.4842871e+05   7.0027844e-01
   1.4857887e+05   7.0067621e-01
   1.4902933e+05   7.0087510e-01
   1.4917949e+05   7.0127287e-01
   1.4932964e+05   7.0147176e-01
   1.4947980e+05   7.0186953e-01
   1.4993027e+05   7.0246619e-01
   1.5023058e+05   7.0266508e-01
   1.5038073e+05   7.0286396e-01
   1.5083120e+05   7.0326173e-01
   1.5098136e+05   7.0365951e-01
   1.5128167e+05   7.0385839e-01
   1.5143182e+05   7.0425617e-01
   1.5158198e+05   7.0445505e-01
   1.5173213e+05   7.0465394e-01
   1.5188229e+05   7.0485282e-01
   1.5203244e+05   7.0525060e-01
   1.5218260e+05   7.0544948e-01
   1.5263307e+05   7.0564837e-01
   1.5278322e+05   7.0584726e-01
   1.5293338e+05   7.0604614e-01
   1.5323369e+05   7.0624503e-01
   1.5353400e+05   7.0644391e-01
   1.5398447e+05   7.0664280e-01
   1.5428478e+05   7.0684169e-01
   1.5458509e+05   7.0704057e-01
   1.5473524e+05   7.0743835e-01
   1.5488540e+05   7.0763723e-01
   1.5548602e+05   7.0783612e-01
   1.5593649e+05   7.0803500e-01
   1.5608664e+05   7.0823389e-01
   1.5668726e+05   7.0843278e-01
   1.5698758e+05   7.0863166e-01
   1.5743804e+05   7.0922832e-01
   1.5758820e+05   7.0942721e-01
   1.5773835e+05   7.0962609e-01
   1.5818882e+05   7.0982498e-01
   1.5848913e+05   7.1002387e-01
   1.5908975e+05   7.1022275e-01
   1.5923991e+05   7.1042164e-01
   1.5954022e+05   7.1081941e-01
   1.5969037e+05   7.1101830e-01
   1.6014084e+05   7.1121718e-01
   1.6029100e+05   7.1141607e-01
   1.6104177e+05   7.1161496e-01
   1.6119193e+05   7.1181384e-01
   1.6194271e+05   7.1201273e-01
   1.6209286e+05   7.1221161e-01
   1.6254333e+05   7.1241050e-01
   1.6284364e+05   7.1260939e-01
   1.6329411e+05   7.1280827e-01
   1.6404488e+05   7.1300716e-01
   1.6434519e+05   7.1340493e-01
   1.6449535e+05   7.1380270e-01
   1.6464551e+05   7.1439936e-01
   1.6524613e+05   7.1459825e-01
   1.6539628e+05   7.1499602e-01
   1.6554644e+05   7.1519491e-01
   1.6569659e+05   7.1559268e-01
   1.6584675e+05   7.1579157e-01
   1.6614706e+05   7.1599045e-01
   1.6629722e+05   7.1618934e-01
   1.6704799e+05   7.1638823e-01
   1.6779877e+05   7.1658711e-01
   1.6809908e+05   7.1678600e-01
   1.6824924e+05   7.1718377e-01
   1.6839939e+05   7.1738266e-01
   1.6869970e+05   7.1758154e-01
   1.6900002e+05   7.1778043e-01
   1.6930033e+05   7.1797932e-01
   1.6975079e+05   7.1857597e-01
   1.7095204e+05   7.1877486e-01
   1.7125235e+05   7.1897375e-01
   1.7230344e+05   7.1917263e-01
   1.7245359e+05   7.1937152e-01
   1.7275390e+05   7.1957041e-01
   1.7305421e+05   7.1976929e-01
   1.7335452e+05   7.1996818e-01
   1.7365484e+05   7.2016706e-01
   1.7440561e+05   7.2036595e-01
   1.7500624e+05   7.2056484e-01
   1.7515639e+05   7.2076372e-01
   1.7530655e+05   7.2096261e-01
   1.7560686e+05   7.2116150e-01
   1.7620748e+05   7.2136038e-01
   1.7635763e+05   7.2155927e-01
   1.7650779e+05   7.2175815e-01
   1.7695826e+05   7.2215593e-01
   1.7725857e+05   7.2235481e-01
   1.7740872e+05   7.2255370e-01
   1.7830966e+05   7.2295147e-01
   1.7845981e+05   7.2315036e-01
   1.7860997e+05   7.2334924e-01
   1.7891028e+05   7.2354813e-01
   1.7951090e+05   7.2374702e-01
   1.8011152e+05   7.2394590e-01
   1.8041183e+05   7.2414479e-01
   1.8071214e+05   7.2434368e-01
   1.8116261e+05   7.2454256e-01
   1.8131277e+05   7.2494033e-01
   1.8236385e+05   7.2513922e-01
   1.8311463e+05   7.2533811e-01
   1.8386541e+05   7.2553699e-01
   1.8401557e+05   7.2573588e-01
   1.8446603e+05   7.2593477e-01
   1.8461619e+05   7.2613365e-01
   1.8491650e+05   7.2633254e-01
   1.8506665e+05   7.2673031e-01
   1.8536696e+05   7.2692920e-01
   1.8566728e+05   7.2712808e-01
   1.8626790e+05   7.2752586e-01
   1.8686852e+05   7.2772474e-01
   1.8716883e+05   7.2792363e-01
   1.8761930e+05   7.2812251e-01
   1.8791961e+05   7.2852029e-01
   1.8806976e+05   7.2871917e-01
   1.8821992e+05   7.2891806e-01
   1.8882054e+05   7.2931583e-01
   1.8912085e+05   7.2951472e-01
   1.8927101e+05   7.2991249e-01
   1.8942116e+05   7.3031026e-01
   1.8957132e+05   7.3050915e-01
   1.8987163e+05   7.3090692e-01
   1.9002179e+05   7.3110581e-01
   1.9032210e+05   7.3150358e-01
   1.9047225e+05   7.3170247e-01
   1.9077256e+05   7.3190135e-01
   1.9107287e+05   7.3210024e-01
   1.9167350e+05   7.3249801e-01
   1.9212396e+05   7.3289578e-01
   1.9257443e+05   7.3309467e-01
   1.9317505e+05   7.3329356e-01
   1.9332521e+05   7.3349244e-01
   1.9347536e+05   7.3369133e-01
   1.9362552e+05   7.3389021e-01
   1.9377567e+05   7.3408910e-01
   1.9392583e+05   7.3428799e-01
   1.9422614e+05   7.3448687e-01
   1.9572769e+05   7.3468576e-01
   1.9587785e+05   7.3488465e-01
   1.9707909e+05   7.3508353e-01
   1.9722925e+05   7.3528242e-01
   1.9767972e+05   7.3548130e-01
   1.9782987e+05   7.3568019e-01
   1.9828034e+05   7.3587908e-01
   1.9888096e+05   7.3607796e-01
   1.9933143e+05   7.3627685e-01
   1.9948158e+05   7.3647574e-01
   1.9963174e+05   7.3667462e-01
   2.0023236e+05   7.3687351e-01
   2.0068283e+05   7.3707239e-01
   2.0158376e+05   7.3727128e-01
   2.0173391e+05   7.3747017e-01
   2.0203423e+05   7.3766905e-01
   2.0263485e+05   7.3806683e-01
   2.0278500e+05   7.3846460e-01
   2.0293516e+05   7.3886237e-01
   2.0338562e+05   7.3906126e-01
   2.0353578e+05   7.3926014e-01
   2.0443671e+05   7.3945903e-01
   2.0488718e+05   7.3965792e-01
   2.0563796e+05   7.3985680e-01
   2.0623858e+05   7.4005569e-01
   2.0653889e+05   7.4025457e-01
   2.0668905e+05   7.4045346e-01
   2.0683920e+05   7.4065235e-01
   2.0713951e+05   7.4085123e-01
   2.0728967e+05   7.4105012e-01
   2.0789029e+05   7.4124901e-01
   2.0894138e+05   7.4144789e-01
   2.0924169e+05   7.4184566e-01
   2.0954200e+05   7.4204455e-01
   2.1059309e+05   7.4224344e-01
   2.1164418e+05   7.4244232e-01
   2.1239495e+05   7.4264121e-01
   2.1269527e+05   7.4303898e-01
   2.1284542e+05   7.4323787e-01
   2.1299558e+05   7.4343675e-01
   2.1314573e+05   7.4363564e-01
   2.1344604e+05   7.4383453e-01
   2.1374635e+05   7.4403341e-01
   2.1434698e+05   7.4423230e-01
   2.1494760e+05   7.4443119e-01
   2.1539806e+05   7.4463007e-01
   2.1554822e+05   7.4482896e-01
   2.1569838e+05   7.4502784e-01
   2.1584853e+05   7.4542562e-01
   2.1599869e+05   7.4562450e-01
   2.1614884e+05   7.4582339e-01
   2.1629900e+05   7.4602228e-01
   2.1674946e+05   7.4622116e-01
   2.1750024e+05   7.4642005e-01
   2.1780055e+05   7.4661893e-01
   2.1810086e+05   7.4681782e-01
   2.1825102e+05   7.4701671e-01
   2.1840117e+05   7.4721559e-01
   2.1870149e+05   7.4761337e-01
   2.1885164e+05   7.4781225e-01
   2.1900180e+05   7.4801114e-01
   2.1945226e+05   7.4821002e-01
   2.2020304e+05   7.4860780e-01
   2.2095382e+05   7.4880668e-01
   2.2110397e+05   7.4920446e-01
   2.2155444e+05   7.4960223e-01
   2.2170460e+05   7.5000000e-01
   2.2185475e+05   7.5039777e-01
   2.2230522e+05   7.5059666e-01
   2.2260553e+05   7.5079554e-01
   2.2275568e+05   7.5099443e-01
   2.2290584e+05   7.5119332e-01
   2.2305600e+05   7.5139220e-01
   2.2350646e+05   7.5159109e-01
   2.2410708e+05   7.5178998e-01
   2.2425724e+05   7.5198886e-01
   2.2455755e+05   7.5238663e-01
   2.2545848e+05   7.5278441e-01
   2.2560864e+05   7.5298329e-01
   2.2575879e+05   7.5338107e-01
   2.2605911e+05   7.5357995e-01
   2.2680988e+05   7.5377884e-01
   2.2696004e+05   7.5397772e-01
   2.2711019e+05   7.5417661e-01
   2.2756066e+05   7.5437550e-01
   2.2786097e+05   7.5457438e-01
   2.2816128e+05   7.5497216e-01
   2.2846159e+05   7.5517104e-01
   2.2906222e+05   7.5536993e-01
   2.2936253e+05   7.5556881e-01
   2.2996315e+05   7.5576770e-01
   2.3011330e+05   7.5596659e-01
   2.3071393e+05   7.5616547e-01
   2.3101424e+05   7.5636436e-01
   2.3116439e+05   7.5656325e-01
   2.3161486e+05   7.5676213e-01
   2.3206533e+05   7.5715990e-01
   2.3236564e+05   7.5735879e-01
   2.3356688e+05   7.5755768e-01
   2.3386719e+05   7.5775656e-01
   2.3416750e+05   7.5815434e-01
   2.3446781e+05   7.5835322e-01
   2.3491828e+05   7.5855211e-01
   2.3506844e+05   7.5894988e-01
   2.3581921e+05   7.5934765e-01
   2.3702046e+05   7.5974543e-01
   2.3717061e+05   7.5994431e-01
   2.3747092e+05   7.6034208e-01
   2.3762108e+05   7.6054097e-01
   2.3822170e+05   7.6093874e-01
   2.3897248e+05   7.6153540e-01
   2.3942294e+05   7.6173429e-01
   2.3972326e+05   7.6193317e-01
   2.4002357e+05   7.6233095e-01
   2.4032388e+05   7.6252983e-01
   2.4047403e+05   7.6272872e-01
   2.4122481e+05   7.6312649e-01
   2.4137497e+05   7.6332538e-01
   2.4167528e+05   7.6352426e-01
   2.4197559e+05   7.6392204e-01
   2.4227590e+05   7.6431981e-01
   2.4317683e+05   7.6451870e-01
   2.4332699e+05   7.6471758e-01
   2.4362730e+05   7.6511535e-01
   2.4377745e+05   7.6531424e-01
   2.4437808e+05   7.6551313e-01
   2.4467839e+05   7.6591090e-01
   2.4482854e+05   7.6610979e-01
   2.4497870e+05   7.6630867e-01
   2.4557932e+05   7.6650756e-01
   2.4602979e+05   7.6690533e-01
   2.4723103e+05   7.6710422e-01
   2.4753134e+05   7.6730310e-01
   2.4813196e+05   7.6750199e-01
   2.4828212e+05   7.6770088e-01
   2.4843227e+05   7.6789976e-01
   2.4858243e+05   7.6809865e-01
   2.4918305e+05   7.6849642e-01
   2.4963352e+05   7.6869531e-01
   2.5023414e+05   7.6889419e-01
   2.5128523e+05   7.6909308e-01
   2.5173570e+05   7.6929196e-01
   2.5218616e+05   7.6949085e-01
   2.5263663e+05   7.6968974e-01
   2.5308710e+05   7.6988862e-01
   2.5338741e+05   7.7028640e-01
   2.5383787e+05   7.7048528e-01
   2.5413818e+05   7.7068417e-01
   2.5563974e+05   7.7088305e-01
   2.5578989e+05   7.7128083e-01
   2.5594005e+05   7.7147971e-01
   2.5669083e+05   7.7167860e-01
   2.5714129e+05   7.7187749e-01
   2.5744160e+05   7.7207637e-01
   2.5759176e+05   7.7227526e-01
   2.5789207e+05   7.7247414e-01
   2.5879300e+05   7.7267303e-01
   2.5894316e+05   7.7346858e-01
   2.5939363e+05   7.7366746e-01
   2.6014440e+05   7.7406523e-01
   2.6074503e+05   7.7426412e-01
   2.6104534e+05   7.7486078e-01
   2.6119549e+05   7.7505967e-01
   2.6149580e+05   7.7525855e-01
   2.6164596e+05   7.7545744e-01
   2.6194627e+05   7.7565632e-01
   2.6239674e+05   7.7585521e-01
   2.6254689e+05   7.7605410e-01
   2.6284720e+05   7.7625298e-01
   2.6389829e+05   7.7645187e-01
   2.6464907e+05   7.7704853e-01
   2.6479922e+05   7.7724741e-01
   2.6555000e+05   7.7744630e-01
   2.6660109e+05   7.7764519e-01
   2.6720171e+05   7.7784407e-01
   2.6735187e+05   7.7804296e-01
   2.6750202e+05   7.7824185e-01
   2.6780233e+05   7.7844073e-01
   2.6825280e+05   7.7863962e-01
   2.6840296e+05   7.7883850e-01
   2.6870327e+05   7.7903739e-01
   2.6930389e+05   7.7923628e-01
   2.6960420e+05   7.7943516e-01
   2.7005467e+05   7.7983294e-01
   2.7065529e+05   7.8003182e-01
   2.7095560e+05   7.8042959e-01
   2.7110576e+05   7.8062848e-01
   2.7125591e+05   7.8082737e-01
   2.7140607e+05   7.8102625e-01
   2.7260731e+05   7.8142403e-01
   2.7275747e+05   7.8162291e-01
   2.7290762e+05   7.8202068e-01
   2.7365840e+05   7.8221957e-01
   2.7395871e+05   7.8241846e-01
   2.7500980e+05   7.8261734e-01
   2.7546026e+05   7.8301512e-01
   2.7561042e+05   7.8321400e-01
   2.7651135e+05   7.8341289e-01
   2.7666151e+05   7.8361177e-01
   2.7756244e+05   7.8381066e-01
   2.7876369e+05   7.8400955e-01
   2.7891384e+05   7.8420843e-01
   2.7921415e+05   7.8440732e-01
   2.7951446e+05   7.8480509e-01
   2.8026524e+05   7.8500398e-01
   2.8071571e+05   7.8540175e-01
   2.8311820e+05   7.8560064e-01
   2.8492006e+05   7.8579952e-01
   2.8507022e+05   7.8599841e-01
   2.8567084e+05   7.8619730e-01
   2.8732255e+05   7.8639618e-01
   2.8777302e+05   7.8659507e-01
   2.8792317e+05   7.8679395e-01
   2.8882410e+05   7.8699284e-01
   2.8927457e+05   7.8719173e-01
   2.8957488e+05   7.8758950e-01
   2.9077613e+05   7.8778839e-01
   2.9092628e+05   7.8798727e-01
   2.9332877e+05   7.8818616e-01
   2.9407955e+05   7.8838504e-01
   2.9453001e+05   7.8878282e-01
   2.9468017e+05   7.8898170e-01
   2.9498048e+05   7.8918059e-01
   2.9543095e+05   7.8957836e-01
   2.9558110e+05   7.8977725e-01
   2.9588141e+05   7.8997613e-01
   2.9618172e+05   7.9017502e-01
   2.9693250e+05   7.9037391e-01
   2.9738297e+05   7.9057279e-01
   2.9783343e+05   7.9116945e-01
   2.9798359e+05   7.9136834e-01
   2.9843406e+05   7.9156722e-01
   2.9858421e+05   7.9196500e-01
   2.9873437e+05   7.9216388e-01
   2.9888452e+05   7.9236277e-01
   2.9903468e+05   7.9256165e-01
   2.9918483e+05   7.9276054e-01
   2.9933499e+05   7.9295943e-01
   2.9963530e+05   7.9315831e-01
   3.0053623e+05   7.9335720e-01
   3.0128701e+05   7.9355609e-01
   3.0188763e+05   7.9375497e-01
   3.0203779e+05   7.9395386e-01
   3.0233810e+05   7.9415274e-01
   3.0323903e+05   7.9435163e-01
   3.0368950e+05   7.9455052e-01
   3.0429012e+05   7.9494829e-01
   3.0459043e+05   7.9534606e-01
   3.0489074e+05   7.9554495e-01
   3.0564152e+05   7.9594272e-01
   3.0594183e+05   7.9614161e-01
   3.0639230e+05   7.9634049e-01
   3.0654245e+05   7.9653938e-01
   3.0684276e+05   7.9673827e-01
   3.0699292e+05   7.9693715e-01
   3.0729323e+05   7.9713604e-01
   3.0759354e+05   7.9733492e-01
   3.0804401e+05   7.9753381e-01
   3.0834432e+05   7.9773270e-01
   3.0849447e+05   7.9793158e-01
   3.0864463e+05   7.9832936e-01
   3.0879479e+05   7.9852824e-01
   3.0894494e+05   7.9872713e-01
   3.1119727e+05   7.9892601e-01
   3.1194805e+05   7.9912490e-01
   3.1209821e+05   7.9932379e-01
   3.1284898e+05   7.9952267e-01
   3.1344961e+05   7.9972156e-01
   3.1390007e+05   7.9992045e-01
   3.1405023e+05   8.0011933e-01
   3.1600225e+05   8.0031822e-01
   3.1630256e+05   8.0051710e-01
   3.1705334e+05   8.0071599e-01
   3.1720349e+05   8.0091488e-01
   3.1825458e+05   8.0111376e-01
   3.1945583e+05   8.0131265e-01
   3.2005645e+05   8.0151154e-01
   3.2095738e+05   8.0171042e-01
   3.2140785e+05   8.0190931e-01
   3.2185831e+05   8.0210819e-01
   3.2215863e+05   8.0230708e-01
   3.2260909e+05   8.0250597e-01
   3.2275925e+05   8.0270485e-01
   3.2320971e+05   8.0310263e-01
   3.2366018e+05   8.0350040e-01
   3.2396049e+05   8.0369928e-01
   3.2546205e+05   8.0389817e-01
   3.2561220e+05   8.0409706e-01
   3.2591251e+05   8.0429594e-01
   3.2606267e+05   8.0449483e-01
   3.2651313e+05   8.0489260e-01
   3.2681345e+05   8.0509149e-01
   3.2711376e+05   8.0548926e-01
   3.2726391e+05   8.0568815e-01
   3.2741407e+05   8.0588703e-01
   3.2981656e+05   8.0608592e-01
   3.3026702e+05   8.0628481e-01
   3.3131811e+05   8.0648369e-01
   3.3176858e+05   8.0688146e-01
   3.3251935e+05   8.0708035e-01
   3.3357044e+05   8.0727924e-01
   3.3447138e+05   8.0747812e-01
   3.3477169e+05   8.0767701e-01
   3.3567262e+05   8.0787589e-01
   3.3717418e+05   8.0807478e-01
   3.3912620e+05   8.0827367e-01
   3.3972682e+05   8.0867144e-01
   3.3987697e+05   8.0887033e-01
   3.4137853e+05   8.0906921e-01
   3.4182900e+05   8.0926810e-01
   3.4212931e+05   8.0946698e-01
   3.4242962e+05   8.0966587e-01
   3.4318040e+05   8.0986476e-01
   3.4393117e+05   8.1006364e-01
   3.4528257e+05   8.1026253e-01
   3.4558288e+05   8.1046142e-01
   3.4603335e+05   8.1066030e-01
   3.4618351e+05   8.1085919e-01
   3.4663397e+05   8.1105807e-01
   3.4678413e+05   8.1125696e-01
   3.4783522e+05   8.1145585e-01
   3.4843584e+05   8.1165473e-01
   3.4858599e+05   8.1185362e-01
   3.4888630e+05   8.1205251e-01
   3.4918662e+05   8.1225139e-01
   3.4933677e+05   8.1264916e-01
   3.4948693e+05   8.1284805e-01
   3.4978724e+05   8.1304694e-01
   3.5053801e+05   8.1324582e-01
   3.5128879e+05   8.1344471e-01
   3.5143895e+05   8.1364360e-01
   3.5188941e+05   8.1384248e-01
   3.5203957e+05   8.1404137e-01
   3.5218973e+05   8.1424025e-01
   3.5264019e+05   8.1443914e-01
   3.5339097e+05   8.1463803e-01
   3.5354112e+05   8.1483691e-01
   3.5519284e+05   8.1503580e-01
   3.5534299e+05   8.1523469e-01
   3.5639408e+05   8.1543357e-01
   3.5864641e+05   8.1563246e-01
   3.6044828e+05   8.1583134e-01
   3.6059843e+05   8.1603023e-01
   3.6164952e+05   8.1622912e-01
   3.6285077e+05   8.1642800e-01
   3.6300092e+05   8.1682578e-01
   3.6420217e+05   8.1702466e-01
   3.6465263e+05   8.1722355e-01
   3.6615419e+05   8.1762132e-01
   3.6690496e+05   8.1782021e-01
   3.6735543e+05   8.1801909e-01
   3.6810621e+05   8.1821798e-01
   3.6855667e+05   8.1841687e-01
   3.6930745e+05   8.1881464e-01
   3.6960776e+05   8.1901352e-01
   3.7005823e+05   8.1921241e-01
   3.7231056e+05   8.1941130e-01
   3.7261087e+05   8.1961018e-01
   3.7336165e+05   8.1980907e-01
   3.7486321e+05   8.2000796e-01
   3.7546383e+05   8.2040573e-01
   3.7561398e+05   8.2060461e-01
   3.7576414e+05   8.2100239e-01
   3.7636476e+05   8.2120127e-01
   3.7711554e+05   8.2159905e-01
   3.7831678e+05   8.2179793e-01
   3.7861709e+05   8.2239459e-01
   3.8041896e+05   8.2279236e-01
   3.8177036e+05   8.2299125e-01
   3.8357222e+05   8.2319014e-01
   3.8372238e+05   8.2338902e-01
   3.8657533e+05   8.2358791e-01
   3.8792673e+05   8.2378679e-01
   3.8807689e+05   8.2398568e-01
   3.8837720e+05   8.2418457e-01
   3.9092984e+05   8.2438345e-01
   3.9123016e+05   8.2458234e-01
   3.9288187e+05   8.2478123e-01
   3.9333233e+05   8.2517900e-01
   3.9393295e+05   8.2537788e-01
   3.9528435e+05   8.2557677e-01
   3.9618529e+05   8.2577566e-01
   3.9633544e+05   8.2597454e-01
   3.9723638e+05   8.2617343e-01
   3.9828746e+05   8.2637232e-01
   3.9918840e+05   8.2657120e-01
   3.9993917e+05   8.2677009e-01
   4.0008933e+05   8.2696897e-01
   4.0023949e+05   8.2716786e-01
   4.0038964e+05   8.2736675e-01
   4.0099026e+05   8.2756563e-01
   4.0174104e+05   8.2796340e-01
   4.0294228e+05   8.2816229e-01
   4.0339275e+05   8.2836118e-01
   4.0354291e+05   8.2856006e-01
   4.0459399e+05   8.2875895e-01
   4.0564508e+05   8.2895784e-01
   4.0594539e+05   8.2915672e-01
   4.0624571e+05   8.2935561e-01
   4.0699648e+05   8.2955449e-01
   4.0819773e+05   8.2975338e-01
   4.0879835e+05   8.2995227e-01
   4.0924882e+05   8.3015115e-01
   4.0939897e+05   8.3035004e-01
   4.0999959e+05   8.3054893e-01
   4.1014975e+05   8.3074781e-01
   4.1029990e+05   8.3094670e-01
   4.1045006e+05   8.3134447e-01
   4.1060021e+05   8.3154336e-01
   4.1075037e+05   8.3174224e-01
   4.1120084e+05   8.3194113e-01
   4.1135099e+05   8.3214002e-01
   4.1270239e+05   8.3233890e-01
   4.1285255e+05   8.3253779e-01
   4.1390364e+05   8.3273667e-01
   4.1600581e+05   8.3293556e-01
   4.1630612e+05   8.3313445e-01
   4.1675659e+05   8.3333333e-01
   4.1735721e+05   8.3373111e-01
   4.1795783e+05   8.3392999e-01
   4.1870861e+05   8.3412888e-01
   4.1885877e+05   8.3432776e-01
   4.2201203e+05   8.3452665e-01
   4.2321328e+05   8.3472554e-01
   4.2366374e+05   8.3492442e-01
   4.2486499e+05   8.3532220e-01
   4.2516530e+05   8.3552108e-01
   4.2756779e+05   8.3571997e-01
   4.2801825e+05   8.3591885e-01
   4.2861887e+05   8.3611774e-01
   4.2966996e+05   8.3631663e-01
   4.3147183e+05   8.3651551e-01
   4.3177214e+05   8.3671440e-01
   4.3192230e+05   8.3691329e-01
   4.3432478e+05   8.3711217e-01
   4.3447494e+05   8.3731106e-01
   4.3657712e+05   8.3750994e-01
   4.3687743e+05   8.3770883e-01
   4.3807867e+05   8.3790772e-01
   4.3897960e+05   8.3810660e-01
   4.4033100e+05   8.3830549e-01
   4.4063131e+05   8.3850438e-01
   4.4123194e+05   8.3870326e-01
   4.4138209e+05   8.3890215e-01
   4.4318396e+05   8.3910103e-01
   4.4438520e+05   8.3929992e-01
   4.4468551e+05   8.3949881e-01
   4.4483567e+05   8.3969769e-01
   4.4573660e+05   8.3989658e-01
   4.4618707e+05   8.4009547e-01
   4.4949049e+05   8.4029435e-01
   4.5069173e+05   8.4049324e-01
   4.5234344e+05   8.4069212e-01
   4.5474593e+05   8.4108990e-01
   4.5579702e+05   8.4128878e-01
   4.5789920e+05   8.4148767e-01
   4.5849982e+05   8.4168656e-01
   4.5880013e+05   8.4188544e-01
   4.5895029e+05   8.4208433e-01
   4.5985122e+05   8.4228321e-01
   4.6090231e+05   8.4248210e-01
   4.6375526e+05   8.4268099e-01
   4.6465619e+05   8.4287987e-01
   4.6570728e+05   8.4307876e-01
   4.6600759e+05   8.4327765e-01
   4.6660822e+05   8.4347653e-01
   4.6705868e+05   8.4367542e-01
   4.6720884e+05   8.4387430e-01
   4.6750915e+05   8.4407319e-01
   4.6825993e+05   8.4427208e-01
   4.6931102e+05   8.4447096e-01
   4.6976148e+05   8.4466985e-01
   4.7096273e+05   8.4486874e-01
   4.7141319e+05   8.4506762e-01
   4.7201381e+05   8.4566428e-01
   4.7471661e+05   8.4586317e-01
   4.7501692e+05   8.4606205e-01
   4.7817019e+05   8.4626094e-01
   4.8282501e+05   8.4645982e-01
   4.8342563e+05   8.4665871e-01
   4.8402625e+05   8.4685760e-01
   4.8522750e+05   8.4705648e-01
   4.8702936e+05   8.4745426e-01
   4.8747983e+05   8.4765314e-01
   4.8808045e+05   8.4785203e-01
   4.8838076e+05   8.4805091e-01
   4.8868107e+05   8.4824980e-01
   4.8973216e+05   8.4844869e-01
   4.9393652e+05   8.4864757e-01
   4.9498761e+05   8.4884646e-01
   4.9573838e+05   8.4904535e-01
   4.9708978e+05   8.4944312e-01
   4.9754025e+05   8.4964200e-01
   4.9769040e+05   8.4984089e-01
   4.9814087e+05   8.5003978e-01
   4.9919196e+05   8.5023866e-01
   4.9979258e+05   8.5043755e-01
   5.0009289e+05   8.5063644e-01
   5.0354647e+05   8.5083532e-01
   5.0745051e+05   8.5123309e-01
   5.0775082e+05   8.5143198e-01
   5.0790098e+05   8.5163087e-01
   5.0835145e+05   8.5182975e-01
   5.0850160e+05   8.5202864e-01
   5.0895207e+05   8.5242641e-01
   5.0955269e+05   8.5262530e-01
   5.1000316e+05   8.5282418e-01
   5.1045362e+05   8.5302307e-01
   5.1090409e+05   8.5322196e-01
   5.1105424e+05   8.5342084e-01
   5.1135456e+05   8.5361973e-01
   5.1150471e+05   8.5381862e-01
   5.1225549e+05   8.5401750e-01
   5.1420751e+05   8.5421639e-01
   5.1435767e+05   8.5441527e-01
   5.2081435e+05   8.5461416e-01
   5.2441808e+05   8.5481305e-01
   5.2501871e+05   8.5501193e-01
   5.2922306e+05   8.5521082e-01
   5.3237633e+05   8.5540971e-01
   5.3357757e+05   8.5560859e-01
   5.3372772e+05   8.5580748e-01
   5.3402804e+05   8.5600636e-01
   5.3613021e+05   8.5620525e-01
   5.3808223e+05   8.5640414e-01
   5.3913332e+05   8.5660302e-01
   5.4228659e+05   8.5680191e-01
   5.4348783e+05   8.5719968e-01
   5.4438877e+05   8.5739857e-01
   5.4468908e+05   8.5759745e-01
   5.4829281e+05   8.5779634e-01
   5.4889343e+05   8.5799523e-01
   5.4904359e+05   8.5819411e-01
   5.4919374e+05   8.5839300e-01
   5.5099561e+05   8.5859189e-01
   5.5219685e+05   8.5879077e-01
   5.5234701e+05   8.5898966e-01
   5.5294763e+05   8.5918854e-01
   5.5354825e+05   8.5938743e-01
   5.5519996e+05   8.5958632e-01
   5.5580058e+05   8.5978520e-01
   5.5640121e+05   8.5998409e-01
   5.5670152e+05   8.6018298e-01
   5.5730214e+05   8.6038186e-01
   5.5790276e+05   8.6058075e-01
   5.5850338e+05   8.6077963e-01
   5.5985478e+05   8.6097852e-01
   5.6345851e+05   8.6117741e-01
   5.6405914e+05   8.6137629e-01
   5.6435945e+05   8.6157518e-01
   5.6496007e+05   8.6177407e-01
   5.6526038e+05   8.6197295e-01
   5.6601116e+05   8.6217184e-01
   5.6916442e+05   8.6237072e-01
   5.6991520e+05   8.6256961e-01
   5.7081613e+05   8.6276850e-01
   5.7126660e+05   8.6296738e-01
   5.7201738e+05   8.6316627e-01
   5.7472018e+05   8.6336516e-01
   5.7712266e+05   8.6376293e-01
   5.7817375e+05   8.6396181e-01
   5.7862422e+05   8.6416070e-01
   5.8012577e+05   8.6435959e-01
   5.8027593e+05   8.6455847e-01
   5.8042609e+05   8.6475736e-01
   5.8057624e+05   8.6495625e-01
   5.8072640e+05   8.6515513e-01
   5.8147717e+05   8.6535402e-01
   5.8162733e+05   8.6555290e-01
   5.8553137e+05   8.6575179e-01
   5.8718308e+05   8.6595068e-01
   5.8793386e+05   8.6614956e-01
   5.8823417e+05   8.6634845e-01
   5.8928526e+05   8.6654733e-01
   5.9033635e+05   8.6674622e-01
   5.9544164e+05   8.6694511e-01
   5.9589210e+05   8.6714399e-01
   5.9619241e+05   8.6734288e-01
   5.9709335e+05   8.6754177e-01
   5.9754381e+05   8.6774065e-01
   5.9829459e+05   8.6793954e-01
   5.9904537e+05   8.6813842e-01
   5.9919552e+05   8.6833731e-01
   6.0054692e+05   8.6853620e-01
   6.0219863e+05   8.6873508e-01
   6.0685345e+05   8.6893397e-01
   6.0865532e+05   8.6913286e-01
   6.1255936e+05   8.6933174e-01
   6.1346030e+05   8.6953063e-01
   6.1976683e+05   8.6972951e-01
   6.2036745e+05   8.6992840e-01
   6.2171885e+05   8.7012729e-01
   6.2216931e+05   8.7032617e-01
   6.2231947e+05   8.7052506e-01
   6.2322040e+05   8.7072395e-01
   6.2532258e+05   8.7092283e-01
   6.2652382e+05   8.7112172e-01
   6.2787522e+05   8.7132060e-01
   6.3328082e+05   8.7151949e-01
   6.3343098e+05   8.7171838e-01
   6.3388144e+05   8.7191726e-01
   6.3538300e+05   8.7211615e-01
   6.3568331e+05   8.7231504e-01
   6.3898673e+05   8.7251392e-01
   6.3973751e+05   8.7271281e-01
   6.4018797e+05   8.7291169e-01
   6.4259046e+05   8.7311058e-01
   6.4679482e+05   8.7330947e-01
   6.4874684e+05   8.7350835e-01
   6.4964777e+05   8.7370724e-01
   6.4994808e+05   8.7390613e-01
   6.5039855e+05   8.7410501e-01
   6.5370197e+05   8.7430390e-01
   6.5655492e+05   8.7450278e-01
   6.5835679e+05   8.7470167e-01
   6.5850695e+05   8.7490056e-01
   6.5940788e+05   8.7509944e-01
   6.6466332e+05   8.7529833e-01
   6.6496363e+05   8.7549722e-01
   6.6766643e+05   8.7569610e-01
   6.7607514e+05   8.7589499e-01
   6.7712623e+05   8.7609387e-01
   6.7937856e+05   8.7629276e-01
   6.8057980e+05   8.7649165e-01
   6.8072996e+05   8.7669053e-01
   6.8133058e+05   8.7688942e-01
   6.8403338e+05   8.7708831e-01
   6.8508447e+05   8.7728719e-01
   6.8538478e+05   8.7748608e-01
   6.8673618e+05   8.7768496e-01
   6.8853805e+05   8.7788385e-01
   6.8913867e+05   8.7808274e-01
   6.9229193e+05   8.7828162e-01
   6.9394364e+05   8.7848051e-01
   6.9694675e+05   8.7867940e-01
   6.9754738e+05   8.7887828e-01
   6.9994986e+05   8.7907717e-01
   7.0100095e+05   8.7927605e-01
   7.0340344e+05   8.7947494e-01
   7.0460468e+05   8.7967383e-01
   7.0565577e+05   8.7987271e-01
   7.0910935e+05   8.8027049e-01
   7.1196230e+05   8.8046937e-01
   7.1226261e+05   8.8066826e-01
   7.1391432e+05   8.8086714e-01
   7.1511557e+05   8.8106603e-01
   7.1736790e+05   8.8126492e-01
   7.1766821e+05   8.8146380e-01
   7.1781837e+05   8.8166269e-01
   7.2112179e+05   8.8186158e-01
   7.2202272e+05   8.8206046e-01
   7.2292365e+05   8.8225935e-01
   7.2607692e+05   8.8245823e-01
   7.3163267e+05   8.8265712e-01
   7.3268376e+05   8.8285601e-01
   7.3418532e+05   8.8305489e-01
   7.3628749e+05   8.8325378e-01
   7.3643765e+05   8.8345267e-01
   7.4034169e+05   8.8365155e-01
   7.4079216e+05   8.8385044e-01
   7.4514667e+05   8.8404932e-01
   7.4559714e+05   8.8424821e-01
   7.4589745e+05   8.8444710e-01
   7.5025196e+05   8.8464598e-01
   7.5085258e+05   8.8484487e-01
   7.5130304e+05   8.8504375e-01
   7.5175351e+05   8.8524264e-01
   7.5475662e+05   8.8544153e-01
   7.5520709e+05   8.8583930e-01
   7.5610802e+05   8.8603819e-01
   7.5881082e+05   8.8623707e-01
   7.6046253e+05   8.8643596e-01
   7.6511735e+05   8.8663484e-01
   7.6616844e+05   8.8683373e-01
   7.6842077e+05   8.8703262e-01
   7.6977217e+05   8.8723150e-01
   7.7022264e+05   8.8743039e-01
   7.7037279e+05   8.8782816e-01
   7.7547808e+05   8.8802705e-01
   7.7607870e+05   8.8822593e-01
   7.8493788e+05   8.8842482e-01
   7.8508803e+05   8.8862371e-01
   7.8643943e+05   8.8882259e-01
   7.8704005e+05   8.8902148e-01
   7.9034347e+05   8.8922037e-01
   7.9199518e+05   8.8941925e-01
   7.9890234e+05   8.8961814e-01
   8.0310669e+05   8.8981702e-01
   8.0325685e+05   8.9001591e-01
   8.0520887e+05   8.9021480e-01
   8.0550918e+05   8.9041368e-01
   8.0625996e+05   8.9061257e-01
   8.0761136e+05   8.9081146e-01
   8.1391789e+05   8.9101034e-01
   8.1842255e+05   8.9120923e-01
   8.2307737e+05   8.9140811e-01
   8.2547986e+05   8.9160700e-01
   8.2698142e+05   8.9180589e-01
   8.2773219e+05   8.9200477e-01
   8.3118577e+05   8.9220366e-01
   8.4199697e+05   8.9240255e-01
   8.4469977e+05   8.9260143e-01
   8.4635148e+05   8.9280032e-01
   8.4815334e+05   8.9299920e-01
   8.4890412e+05   8.9319809e-01
   8.5025552e+05   8.9339698e-01
   8.5115645e+05   8.9359586e-01
   8.5190723e+05   8.9379475e-01
   8.5340878e+05   8.9399364e-01
   8.5461003e+05   8.9419252e-01
   8.5686236e+05   8.9439141e-01
   8.5911469e+05   8.9459029e-01
   8.6331905e+05   8.9478918e-01
   8.6812402e+05   8.9498807e-01
   8.7127729e+05   8.9518695e-01
   8.7217822e+05   8.9538584e-01
   8.7458071e+05   8.9558473e-01
   8.7548164e+05   8.9578361e-01
   8.7563180e+05   8.9598250e-01
   8.7623242e+05   8.9618138e-01
   8.8328973e+05   8.9638027e-01
   8.8464113e+05   8.9657916e-01
   8.8869533e+05   8.9677804e-01
   8.9019688e+05   8.9697693e-01
   8.9500186e+05   8.9717582e-01
   9.0686414e+05   8.9737470e-01
   9.0761492e+05   8.9757359e-01
   9.1016756e+05   8.9777247e-01
   9.1151896e+05   8.9797136e-01
   9.1497254e+05   8.9817025e-01
   9.1617378e+05   8.9836913e-01
   9.1812580e+05   8.9856802e-01
   9.1842612e+05   8.9876691e-01
   9.1992767e+05   8.9896579e-01
   9.2142923e+05   8.9916468e-01
   9.2157938e+05   8.9936356e-01
   9.2172954e+05   8.9956245e-01
   9.2233016e+05   8.9976134e-01
   9.2413202e+05   8.9996022e-01
   9.3103918e+05   9.0015911e-01
   9.3374198e+05   9.0035800e-01
   9.3839680e+05   9.0055688e-01
   9.3944789e+05   9.0075577e-01
   9.4004851e+05   9.0095465e-01
   9.4079929e+05   9.0115354e-01
   9.4094944e+05   9.0135243e-01
   9.4515379e+05   9.0155131e-01
   9.4830706e+05   9.0175020e-01
   9.4875753e+05   9.0194909e-01
   9.5206095e+05   9.0214797e-01
   9.5911826e+05   9.0234686e-01
   9.6122043e+05   9.0254574e-01
   9.6242168e+05   9.0274463e-01
   9.6452385e+05   9.0294352e-01
   9.6557494e+05   9.0314240e-01
   9.6902852e+05   9.0334129e-01
   9.7353318e+05   9.0354018e-01
   9.7533505e+05   9.0373906e-01
   9.8239236e+05   9.0393795e-01
   9.8389391e+05   9.0413683e-01
   9.8674687e+05   9.0433572e-01
   9.8929951e+05   9.0453461e-01
   9.9020044e+05   9.0473349e-01
   9.9500542e+05   9.0493238e-01
   9.9725775e+05   9.0513126e-01
   9.9815869e+05   9.0533015e-01
   9.9966024e+05   9.0552904e-01
   1.0068677e+06   9.0572792e-01
   1.0151263e+06   9.0592681e-01
   1.0197811e+06   9.0612570e-01
   1.0233848e+06   9.0632458e-01
   1.0247362e+06   9.0652347e-01
   1.0281898e+06   9.0672235e-01
   1.0283399e+06   9.0692124e-01
   1.0284901e+06   9.0712013e-01
   1.0295412e+06   9.0731901e-01
   1.0358477e+06   9.0751790e-01
   1.0381000e+06   9.0771679e-01
   1.0411032e+06   9.0791567e-01
   1.0436558e+06   9.0811456e-01
   1.0442564e+06   9.0831344e-01
   1.0468091e+06   9.0871122e-01
   1.0486109e+06   9.0891010e-01
   1.0508633e+06   9.0910899e-01
   1.0517642e+06   9.0930788e-01
   1.0522147e+06   9.0950676e-01
   1.0532658e+06   9.0970565e-01
   1.0549175e+06   9.0990453e-01
   1.0552178e+06   9.1010342e-01
   1.0589717e+06   9.1030231e-01
   1.0613742e+06   9.1050119e-01
   1.0625754e+06   9.1070008e-01
   1.0642271e+06   9.1089897e-01
   1.0655785e+06   9.1109785e-01
   1.0690321e+06   9.1129674e-01
   1.0694825e+06   9.1149562e-01
   1.0741374e+06   9.1169451e-01
   1.0753386e+06   9.1189340e-01
   1.0864501e+06   9.1209228e-01
   1.0872009e+06   9.1229117e-01
   1.0912551e+06   9.1249006e-01
   1.0950090e+06   9.1268894e-01
   1.1001143e+06   9.1288783e-01
   1.1007149e+06   9.1308671e-01
   1.1032675e+06   9.1328560e-01
   1.1047691e+06   9.1348449e-01
   1.1053697e+06   9.1368337e-01
   1.1152800e+06   9.1388226e-01
   1.1173822e+06   9.1408115e-01
   1.1486145e+06   9.1428003e-01
   1.1496656e+06   9.1447892e-01
   1.1501161e+06   9.1467780e-01
   1.1529690e+06   9.1487669e-01
   1.1537198e+06   9.1507558e-01
   1.1543204e+06   9.1527446e-01
   1.1553715e+06   9.1547335e-01
   1.1694861e+06   9.1567224e-01
   1.1702369e+06   9.1587112e-01
   1.1742911e+06   9.1607001e-01
   1.1817989e+06   9.1626889e-01
   1.1822493e+06   9.1646778e-01
   1.1826998e+06   9.1666667e-01
   1.1837509e+06   9.1686555e-01
   1.1857029e+06   9.1706444e-01
   1.1914088e+06   9.1726333e-01
   1.1945621e+06   9.1746221e-01
   1.2077758e+06   9.1766110e-01
   1.2086767e+06   9.1785998e-01
   1.2248935e+06   9.1805887e-01
   1.2268455e+06   9.1825776e-01
   1.2292480e+06   9.1845664e-01
   1.2304492e+06   9.1865553e-01
   1.2391583e+06   9.1885442e-01
   1.2394586e+06   9.1905330e-01
   1.2396087e+06   9.1925219e-01
   1.2445639e+06   9.1945107e-01
   1.2463657e+06   9.1964996e-01
   1.2538735e+06   9.1984885e-01
   1.2565763e+06   9.2004773e-01
   1.2663364e+06   9.2024662e-01
   1.2700903e+06   9.2044551e-01
   1.2720423e+06   9.2064439e-01
   1.2765470e+06   9.2084328e-01
   1.2789495e+06   9.2104216e-01
   1.2809015e+06   9.2124105e-01
   1.2851058e+06   9.2143994e-01
   1.2908118e+06   9.2163882e-01
   1.2924635e+06   9.2183771e-01
   1.3008722e+06   9.2203660e-01
   1.3022236e+06   9.2223548e-01
   1.3122840e+06   9.2243437e-01
   1.3176896e+06   9.2263325e-01
   1.3220441e+06   9.2283214e-01
   1.3235457e+06   9.2303103e-01
   1.3251974e+06   9.2322991e-01
   1.3286509e+06   9.2342880e-01
   1.3309033e+06   9.2362768e-01
   1.3369095e+06   9.2382657e-01
   1.3433662e+06   9.2402546e-01
   1.3439668e+06   9.2422434e-01
   1.3469699e+06   9.2442323e-01
   1.3487718e+06   9.2462212e-01
   1.3703942e+06   9.2482100e-01
   1.3724963e+06   9.2501989e-01
   1.3736976e+06   9.2521877e-01
   1.3747487e+06   9.2541766e-01
   1.3750490e+06   9.2561655e-01
   1.3908153e+06   9.2581543e-01
   1.3911156e+06   9.2601432e-01
   1.3959206e+06   9.2621321e-01
   1.4005754e+06   9.2641209e-01
   1.4050801e+06   9.2661098e-01
   1.4125879e+06   9.2680986e-01
   1.4146900e+06   9.2700875e-01
   1.4249006e+06   9.2720764e-01
   1.4285043e+06   9.2740652e-01
   1.4298557e+06   9.2760541e-01
   1.4337598e+06   9.2780430e-01
   1.4403666e+06   9.2800318e-01
   1.4463729e+06   9.2820207e-01
   1.4501267e+06   9.2840095e-01
   1.4636407e+06   9.2859984e-01
   1.4649921e+06   9.2879873e-01
   1.4681454e+06   9.2899761e-01
   1.4687460e+06   9.2919650e-01
   1.4706980e+06   9.2939539e-01
   1.4732507e+06   9.2959427e-01
   1.4755030e+06   9.2979316e-01
   1.4824102e+06   9.2999204e-01
   1.4831610e+06   9.3019093e-01
   1.4846625e+06   9.3038982e-01
   1.4939721e+06   9.3058870e-01
   1.5016301e+06   9.3078759e-01
   1.5124413e+06   9.3098648e-01
   1.5300095e+06   9.3118536e-01
   1.5405204e+06   9.3138425e-01
   1.5457758e+06   9.3158313e-01
   1.5568873e+06   9.3178202e-01
   1.5616923e+06   9.3198091e-01
   1.5728038e+06   9.3217979e-01
   1.5809122e+06   9.3237868e-01
   1.5861676e+06   9.3257757e-01
   1.5893209e+06   9.3277645e-01
   1.6037358e+06   9.3297534e-01
   1.6044866e+06   9.3317422e-01
   1.6067389e+06   9.3337311e-01
   1.6089913e+06   9.3357200e-01
   1.6119944e+06   9.3377088e-01
   1.6217545e+06   9.3396977e-01
   1.6280610e+06   9.3416866e-01
   1.6360193e+06   9.3436754e-01
   1.6456292e+06   9.3456643e-01
   1.6481818e+06   9.3476531e-01
   1.6513351e+06   9.3496420e-01
   1.6645488e+06   9.3516309e-01
   1.6902254e+06   9.3536197e-01
   1.7292658e+06   9.3556086e-01
   1.7391761e+06   9.3595863e-01
   1.7499873e+06   9.3615752e-01
   1.7543418e+06   9.3635640e-01
   1.7579455e+06   9.3655529e-01
   1.7644022e+06   9.3675418e-01
   1.7855741e+06   9.3695306e-01
   1.7983373e+06   9.3715195e-01
   1.7986377e+06   9.3735084e-01
   1.8076470e+06   9.3754972e-01
   1.8169566e+06   9.3774861e-01
   1.8357261e+06   9.3794749e-01
   1.8408314e+06   9.3814638e-01
   1.8444351e+06   9.3834527e-01
   1.8480388e+06   9.3854415e-01
   1.8514924e+06   9.3874304e-01
   1.8921845e+06   9.3894193e-01
   1.9005932e+06   9.3914081e-01
   1.9150082e+06   9.3933970e-01
   1.9235670e+06   9.3953858e-01
   1.9333271e+06   9.3973747e-01
   1.9367807e+06   9.3993636e-01
   1.9456399e+06   9.4013524e-01
   1.9495439e+06   9.4033413e-01
   1.9498442e+06   9.4053302e-01
   1.9609558e+06   9.4073190e-01
   1.9725177e+06   9.4093079e-01
   1.9755208e+06   9.4112967e-01
   1.9842299e+06   9.4132856e-01
   1.9849806e+06   9.4152745e-01
   1.9978940e+06   9.4172633e-01
   1.9993956e+06   9.4192522e-01
   2.0066030e+06   9.4212411e-01
   2.0166634e+06   9.4232299e-01
   2.0378354e+06   9.4252188e-01
   2.0472952e+06   9.4272076e-01
   2.0498478e+06   9.4291965e-01
   2.0566048e+06   9.4311854e-01
   2.0594578e+06   9.4331742e-01
   2.0846839e+06   9.4351631e-01
   2.1045044e+06   9.4371519e-01
   2.1159162e+06   9.4391408e-01
   2.1169673e+06   9.4411297e-01
   2.1178682e+06   9.4431185e-01
   2.1340850e+06   9.4451074e-01
   2.1381392e+06   9.4470963e-01
   2.1397910e+06   9.4490851e-01
   2.1498514e+06   9.4510740e-01
   2.1581099e+06   9.4530628e-01
   2.1731255e+06   9.4550517e-01
   2.1839367e+06   9.4570406e-01
   2.1870899e+06   9.4590294e-01
   2.2256799e+06   9.4610183e-01
   2.2352899e+06   9.4630072e-01
   2.2501552e+06   9.4649960e-01
   2.2734293e+06   9.4669849e-01
   2.2762823e+06   9.4689737e-01
   2.2950517e+06   9.4709626e-01
   2.2953521e+06   9.4729515e-01
   2.2971539e+06   9.4749403e-01
   2.3024094e+06   9.4769292e-01
   2.3097670e+06   9.4789181e-01
   2.3120193e+06   9.4809069e-01
   2.3156230e+06   9.4828958e-01
   2.3157732e+06   9.4848846e-01
   2.3180255e+06   9.4868735e-01
   2.3331912e+06   9.4888624e-01
   2.3388971e+06   9.4908512e-01
   2.3473059e+06   9.4928401e-01
   2.3671264e+06   9.4948290e-01
   2.3824422e+06   9.4968178e-01
   2.3904005e+06   9.4988067e-01
   2.3998603e+06   9.5007955e-01
   2.4015120e+06   9.5027844e-01
   2.4039145e+06   9.5047733e-01
   2.4115724e+06   9.5067621e-01
   2.4166777e+06   9.5087510e-01
   2.4303418e+06   9.5107399e-01
   2.4369487e+06   9.5127287e-01
   2.4404023e+06   9.5147176e-01
   2.4410029e+06   9.5167064e-01
   2.4524147e+06   9.5186953e-01
   2.4659287e+06   9.5206842e-01
   2.4708838e+06   9.5226730e-01
   2.4738869e+06   9.5246619e-01
   2.4797430e+06   9.5266508e-01
   2.4798932e+06   9.5286396e-01
   2.4839474e+06   9.5306285e-01
   2.4852988e+06   9.5326173e-01
   2.4854489e+06   9.5346062e-01
   2.4896533e+06   9.5365951e-01
   2.5027168e+06   9.5385839e-01
   2.5120264e+06   9.5405728e-01
   2.5255404e+06   9.5425617e-01
   2.5256906e+06   9.5445505e-01
   2.5276426e+06   9.5465394e-01
   2.5319971e+06   9.5485282e-01
   2.5468625e+06   9.5505171e-01
   2.5765933e+06   9.5525060e-01
   2.5994169e+06   9.5544948e-01
   2.6019696e+06   9.5564837e-01
   2.6094774e+06   9.5584726e-01
   2.6211895e+06   9.5604614e-01
   2.6244929e+06   9.5624503e-01
   2.6402592e+06   9.5644391e-01
   2.6476169e+06   9.5664280e-01
   2.6612810e+06   9.5684169e-01
   2.6749452e+06   9.5704057e-01
   2.6776480e+06   9.5723946e-01
   2.7006217e+06   9.5743835e-01
   2.7082797e+06   9.5763723e-01
   2.7108323e+06   9.5783612e-01
   2.7120336e+06   9.5803500e-01
   2.7135351e+06   9.5823389e-01
   2.7264485e+06   9.5843278e-01
   2.7407133e+06   9.5863166e-01
   2.7492721e+06   9.5883055e-01
   2.7495724e+06   9.5902944e-01
   2.7713450e+06   9.5922832e-01
   2.7835076e+06   9.5942721e-01
   2.7845587e+06   9.5962609e-01
   2.7931175e+06   9.5982498e-01
   2.8006253e+06   9.6002387e-01
   2.8201455e+06   9.6022275e-01
   2.8330589e+06   9.6042164e-01
   2.8533299e+06   9.6062053e-01
   2.9326120e+06   9.6081941e-01
   2.9653459e+06   9.6101830e-01
   2.9854667e+06   9.6121718e-01
   2.9965782e+06   9.6141607e-01
   3.0009327e+06   9.6161496e-01
   3.0182006e+06   9.6181384e-01
   3.0793139e+06   9.6201273e-01
   3.0833681e+06   9.6221161e-01
   3.1015369e+06   9.6241050e-01
   3.1500372e+06   9.6260939e-01
   3.1637013e+06   9.6280827e-01
   3.2363766e+06   9.6300716e-01
   3.2691105e+06   9.6320605e-01
   3.2784201e+06   9.6340493e-01
   3.3254188e+06   9.6360382e-01
   3.3432873e+06   9.6380270e-01
   3.3629577e+06   9.6400159e-01
   3.3680629e+06   9.6420048e-01
   3.3841296e+06   9.6439936e-01
   3.4042504e+06   9.6459825e-01
   3.4300772e+06   9.6479714e-01
   3.4526005e+06   9.6499602e-01
   3.4568048e+06   9.6519491e-01
   3.5369879e+06   9.6539379e-01
   3.5377387e+06   9.6559268e-01
   3.5950981e+06   9.6579157e-01
   3.6008040e+06   9.6599045e-01
   3.6132669e+06   9.6618934e-01
   3.6620674e+06   9.6638823e-01
   3.7018586e+06   9.6658711e-01
   3.7204779e+06   9.6678600e-01
   3.7270847e+06   9.6698488e-01
   3.7387969e+06   9.6718377e-01
   3.7767862e+06   9.6738266e-01
   3.8921056e+06   9.6758154e-01
   3.9059199e+06   9.6778043e-01
   3.9760426e+06   9.6797932e-01
   4.0584779e+06   9.6817820e-01
   4.1132847e+06   9.6837709e-01
   4.1472198e+06   9.6857597e-01
   4.1644877e+06   9.6877486e-01
   4.1924166e+06   9.6897375e-01
   4.2469231e+06   9.6917263e-01
   4.2508271e+06   9.6937152e-01
   4.3635939e+06   9.6957041e-01
   4.3979795e+06   9.6976929e-01
   4.4188511e+06   9.6996818e-01
   4.4739582e+06   9.7016706e-01
   4.4802647e+06   9.7036595e-01
   4.5172030e+06   9.7056484e-01
   4.5340204e+06   9.7076372e-01
   4.5554926e+06   9.7096261e-01
   4.6272670e+06   9.7116150e-01
   4.6335735e+06   9.7136038e-01
   4.6937859e+06   9.7155927e-01
   4.7220151e+06   9.7175815e-01
   4.7654100e+06   9.7195704e-01
   4.7916872e+06   9.7215593e-01
   4.8118081e+06   9.7235481e-01
   4.8506983e+06   9.7255370e-01
   4.9155655e+06   9.7275259e-01
   4.9900427e+06   9.7295147e-01
   5.0164700e+06   9.7315036e-01
   5.0233772e+06   9.7334924e-01
   5.0350893e+06   9.7354813e-01
   5.1203776e+06   9.7374702e-01
   5.1496580e+06   9.7394590e-01
   5.1523607e+06   9.7414479e-01
   5.2697824e+06   9.7434368e-01
   5.3038676e+06   9.7454256e-01
   5.3418570e+06   9.7474145e-01
   5.3442595e+06   9.7494033e-01
   5.3962133e+06   9.7513922e-01
   5.4107784e+06   9.7533811e-01
   5.4163341e+06   9.7553699e-01
   5.5417140e+06   9.7573588e-01
   5.6238490e+06   9.7593477e-01
   5.6646913e+06   9.7613365e-01
   5.7134919e+06   9.7633254e-01
   5.7714519e+06   9.7653142e-01
   5.8837682e+06   9.7673031e-01
   5.9094448e+06   9.7692920e-01
   5.9447313e+06   9.7712808e-01
   5.9702578e+06   9.7732697e-01
   5.9737113e+06   9.7752586e-01
   6.0004390e+06   9.7772474e-01
   6.0759672e+06   9.7792363e-01
   6.0962382e+06   9.7812251e-01
   6.1216145e+06   9.7832140e-01
   6.2265732e+06   9.7852029e-01
   6.2372342e+06   9.7871917e-01
   6.2534510e+06   9.7891806e-01
   6.4115648e+06   9.7911695e-01
   6.4240277e+06   9.7931583e-01
   6.4927989e+06   9.7951472e-01
   6.5042107e+06   9.7971360e-01
   6.5732822e+06   9.7991249e-01
   6.6241850e+06   9.8011138e-01
   6.6462578e+06   9.8031026e-01
   6.7349997e+06   9.8050915e-01
   6.7452103e+06   9.8070804e-01
   6.7585741e+06   9.8090692e-01
   6.7910077e+06   9.8110581e-01
   6.8190868e+06   9.8130469e-01
   6.8329011e+06   9.8150358e-01
   6.9958198e+06   9.8170247e-01
   7.0159407e+06   9.8190135e-01
   7.0181930e+06   9.8210024e-01
   7.1124906e+06   9.8229912e-01
   7.1135417e+06   9.8249801e-01
   7.1449242e+06   9.8269690e-01
   7.2195515e+06   9.8289578e-01
   7.2348674e+06   9.8309467e-01
   7.2423752e+06   9.8329356e-01
   7.2554387e+06   9.8349244e-01
   7.2841184e+06   9.8369133e-01
   7.3197052e+06   9.8389021e-01
   7.3213569e+06   9.8408910e-01
   7.3823201e+06   9.8428799e-01
   7.4899816e+06   9.8448687e-01
   7.5598039e+06   9.8468576e-01
   7.7068061e+06   9.8488465e-01
   7.7526035e+06   9.8508353e-01
   7.7806826e+06   9.8528242e-01
   7.8514059e+06   9.8548130e-01
   7.9692779e+06   9.8568019e-01
   8.0655276e+06   9.8587908e-01
   8.0704827e+06   9.8607796e-01
   8.0775400e+06   9.8627685e-01
   8.1198839e+06   9.8647574e-01
   8.1439088e+06   9.8667462e-01
   8.1966134e+06   9.8687351e-01
   8.2674868e+06   9.8707239e-01
   8.3017222e+06   9.8727128e-01
   8.3134343e+06   9.8747017e-01
   8.4280030e+06   9.8766905e-01
   8.5430221e+06   9.8786794e-01
   8.5712513e+06   9.8806683e-01
   8.8685592e+06   9.8826571e-01
   9.0206667e+06   9.8846460e-01
   9.1224722e+06   9.8866348e-01
   9.1727743e+06   9.8886237e-01
   9.4841968e+06   9.8906126e-01
   9.5224864e+06   9.8926014e-01
   9.5412559e+06   9.8945903e-01
   9.6319498e+06   9.8965792e-01
   9.6962163e+06   9.8985680e-01
   9.8115358e+06   9.9005569e-01
   9.9899205e+06   9.9025457e-01
   1.0084669e+07   9.9045346e-01
   1.0130466e+07   9.9065235e-01
   1.0137073e+07   9.9085123e-01
   1.0334227e+07   9.9105012e-01
   1.0338582e+07   9.9124901e-01
   1.0693699e+07   9.9144789e-01
   1.0728686e+07   9.9164678e-01
   1.0824935e+07   9.9184566e-01
   1.0959625e+07   9.9204455e-01
   1.1167590e+07   9.9224344e-01
   1.1390121e+07   9.9244232e-01
   1.1644484e+07   9.9264121e-01
   1.1647487e+07   9.9284010e-01
   1.1850647e+07   9.9303898e-01
   1.1941642e+07   9.9323787e-01
   1.1966267e+07   9.9343675e-01
   1.2537759e+07   9.9363564e-01
   1.2549321e+07   9.9383453e-01
   1.3614674e+07   9.9403341e-01
   1.3681493e+07   9.9423230e-01
   1.4414102e+07   9.9443119e-01
   1.4499240e+07   9.9463007e-01
   1.5089952e+07   9.9482896e-01
   1.5356628e+07   9.9502784e-01
   1.5994489e+07   9.9522673e-01
   1.6232936e+07   9.9542562e-01
   1.7140776e+07   9.9562450e-01
   1.7149785e+07   9.9582339e-01
   1.7242731e+07   9.9602228e-01
   1.7332374e+07   9.9622116e-01
   1.7479377e+07   9.9642005e-01
   1.8048916e+07   9.9661893e-01
   2.0300348e+07   9.9681782e-01
   2.0728441e+07   9.9701671e-01
   2.2087649e+07   9.9721559e-01
   2.2952244e+07   9.9741448e-01
   2.3534397e+07   9.9761337e-01
   2.4190426e+07   9.9781225e-01
   2.4371514e+07   9.9801114e-01
   2.4585486e+07   9.9821002e-01
   2.8010232e+07   9.9840891e-01
   2.8373008e+07   9.9860780e-01
   3.3958642e+07   9.9880668e-01
   3.5632125e+07   9.9900557e-01
   5.9865421e+07   9.9920446e-01
   8.4235208e+07   9.9940334e-01
   1.1219551e+08   9.9960223e-01
   1.1427682e+08   9.9980111e-01
   1.2012432e+08   1.0000000e+00
