0	2	0	182	
1	6	1	2	3	4	5	6	
2	1	7
3	2	8	9	
4	10	10	11	12	13	14	15	16	17	18	19	
5	1	20
6	1	21
7	1	22
8	7	23	24	25	26	27	28	29
9	2	30	31	
10	1	32
11	1	33
12	2	34	35	
13	1	36
14	4	37	38	39	40	
15	6	41	42	43	44	45	46	
16	1	47
17	18	48	49	50	51	52	53	54	55	56	57	58	59	60	61	62	233	249	250	
18	2	63	64	
19	1	65
20	3	66	251	281
21	2	67	68	
22	9	69	70	71	72	73	74	75	76	77
23	12	78	79	80	81	82	83	84	253	254	255	256	257	
24	5	85	86	87	88	223
25	6	89	90	91	92	93	94	
26	4	95	96	97	98	
27	1	99
28	4	100	101	102	287	
29	3	103	104	284
30	1	105
31	1	106
32	7	107	108	109	110	111	112	113
33	4	114	115	116	117	
34	4	118	119	183	184	
35	1	120
36	4	121	122	123	124	
37	4	125	126	127	246	
38	4	128	129	130	247	
39	4	131	132	133	248	
40	4	134	135	136	258	
41	4	137	138	240	362	
42	1	139
43	1	140
44	1	141
45	5	142	143	259	260	342
46	6	144	145	262	263	264	265	
47	2	146	367	
48	4	147	148	149	288	
49	4	150	267	289	371	
50	3	151	268	269
51	1	152
52	2	153	225	
53	9	154	155	298	315	316	317	318	319	341
54	1	156
55	1	157
56	3	158	159	299
57	4	160	274	290	373	
58	14	161	282	291	292	301	302	325	326	327	328	329	338	345	359	
59	7	162	226	238	244	346	348	349
60	2	163	294	
61	2	164	280	
62	1	165
63	1	166
64	3	167	353	354
65	1	168
66	3	169	174	175
67	4	170	176	177	370	
68	2	171	179	
69	6	172	173	180	181	202	203	
70	1	178
71	3	185	186	187
72	1	188
73	1	189
74	1	190
75	4	191	295	296	297	
76	4	192	193	194	195	
77	1	196
78	5	197	198	199	200	243
79	2	201	360	
80	10	204	205	206	207	208	209	210	211	212	216	
81	4	213	214	215	358	
82	2	217	304	
83	2	218	219	
84	3	220	221	222
85	1	224
86	4	227	228	229	363	
87	3	230	231	232
88	2	234	235	
89	2	236	237	
90	2	239	242	
91	1	241
92	1	245
93	1	252
94	3	261	343	374
95	2	266	372	
96	4	270	271	300	339	
97	2	272	273	
98	1	275
99	4	276	277	278	279	
100	2	283	350	
101	1	285
102	1	286
103	1	293
104	2	303	369	
105	1	305
106	1	306
107	2	307	356	
108	2	308	309	
109	2	310	311	
110	3	312	313	314
111	1	320
112	4	321	322	323	324	
113	2	330	331	
114	2	332	333	
115	4	334	335	336	337	
116	1	340
117	3	344	375	376
118	1	347
119	1	351
120	1	352
121	2	355	368	
122	1	357
123	1	361
124	1	364
125	1	365
126	1	366
0	1	68
1	13	33	154	218	219	220	221	222	223	224	225	227	228	229
2	1	162
3	1	162
4	1	226
5	1	167
6	1	167
7	1	152
8	1	99
9	2	107	108	
10	1	162
11	1	162
12	1	162
13	1	162
14	1	162
15	1	162
16	1	162
17	1	162
18	1	162
19	1	162
20	4	33	230	231	232	
21	1	162
22	1	162
23	2	233	236	
24	4	233	236	237	238	
25	1	48
26	1	48
27	1	48
28	1	96
29	3	234	235	239
30	1	234
31	2	234	235	
32	9	164	188	189	240	241	242	359	360	361
33	4	1	20	197	243	
34	1	48
35	2	53	57	
36	1	244
37	3	95	226	245
38	3	95	226	245
39	1	162
40	1	162
41	1	121
42	1	121
43	1	121
44	4	121	125	128	131	
45	4	124	246	247	248	
46	1	128
47	2	249	250	
48	25	25	26	27	34	80	81	83	84	145	251	252	253	254	255	256	262	263	270	272	273	275	276	277	278	279
49	2	162	257	
50	2	257	274	
51	2	97	274	
52	1	97
53	11	35	150	258	259	260	261	264	265	267	271	274
54	4	162	266	271	274	
55	3	151	268	269
56	2	162	271	
57	3	35	162	271
58	2	271	274	
59	1	274
60	1	162
61	1	162
62	1	280
63	2	121	128	
64	2	121	128	
65	1	281
66	2	95	96	
67	1	282
68	2	0	283	
69	1	284
70	2	121	128	
71	2	121	128	
72	2	121	128	
73	2	121	128	
74	2	121	128	
75	2	121	128	
76	2	121	128	
77	1	131
78	1	96
79	1	96
80	3	48	259	260
81	3	48	259	260
82	2	259	260	
83	2	48	150	
84	2	48	150	
85	1	95
86	2	95	96	
87	2	121	128	
88	1	150
89	2	128	285	
90	1	128
91	2	128	285	
92	1	286
93	1	162
94	1	162
95	10	37	38	66	85	86	287	291	292	293	362	
96	9	28	66	78	79	86	287	293	294	362
97	8	51	52	145	180	204	288	289	290	
98	1	162
99	11	8	295	296	297	298	299	300	301	302	303	304
100	1	150
101	2	275	305	
102	2	275	305	
103	1	131
104	1	131
105	10	295	296	297	298	299	300	301	302	303	304	
106	1	125
107	4	9	155	188	217	
108	4	9	155	188	217	
109	4	123	129	130	306	
110	2	121	155	
111	1	121
112	1	155
113	1	155
114	4	122	123	129	130	
115	1	121
116	2	155	188	
117	2	155	188	
118	1	126
119	1	125
120	1	307
121	47	41	42	43	44	63	64	70	71	72	73	74	75	76	87	110	111	115	179	198	199	200	308	309	310	312	313	315	316	317	318	319	320	321	322	323	324	325	326	327	328	329	330	331	332	334	336	337
122	4	114	311	314	333	
123	5	109	114	311	314	333
124	2	45	335	
125	7	44	106	119	174	176	179	332
126	2	118	333	
127	1	333
128	29	44	46	63	64	70	71	72	73	74	75	76	87	89	90	91	198	199	200	308	309	310	312	313	326	327	328	329	332	338
129	5	109	114	311	314	333
130	5	109	114	311	314	333
131	8	44	77	103	104	171	174	186	332	
132	1	333
133	1	333
134	2	339	340	
135	2	339	340	
136	1	340
137	1	153
138	4	178	229	341	363	
139	3	342	343	344
140	3	342	343	344
141	2	342	343	
142	1	226
143	1	226
144	1	345
145	3	48	97	162
146	1	167
147	1	150
148	1	346
149	1	226
150	9	53	83	84	88	100	147	244	305	347
151	4	55	244	348	349	
152	3	7	350	369
153	10	137	163	164	165	188	189	242	359	360	361	
154	2	1	166	
155	10	107	108	110	112	113	116	117	155	217	306	
156	3	157	158	159
157	2	156	351	
158	2	156	351	
159	2	156	351	
160	1	162
161	1	226
162	31	2	3	10	11	12	13	14	15	16	17	18	19	21	22	39	40	49	54	56	57	60	61	93	94	98	145	160	275	352	353	354
163	2	153	168	
164	3	32	153	168
165	2	153	168	
166	2	154	217	
167	7	5	6	146	198	199	200	355
168	4	163	164	165	242	
169	4	188	189	201	356	
170	1	189
171	1	131
172	10	259	260	261	264	265	271	274	280	357	376	
173	1	358
174	2	125	131	
175	1	248
176	1	125
177	1	246
178	1	138
179	2	121	125	
180	14	97	259	260	261	265	266	267	271	280	357	371	372	375	376	
181	7	259	260	264	265	271	274	375
182	1	292
183	1	201
184	1	201
185	1	188
186	1	131
187	1	248
188	8	32	107	108	116	117	153	169	185	
189	4	32	153	169	170	
190	8	295	296	297	298	300	301	302	303	
191	3	342	343	344
192	1	364
193	1	364
194	1	364
195	5	286	365	366	367	368
196	6	286	364	365	366	367	368	
197	6	33	326	327	328	329	338	
198	3	121	128	167
199	3	121	128	167
200	3	121	128	167
201	4	169	183	184	370	
202	3	257	268	269
203	5	259	264	271	375	376
204	9	97	257	266	267	268	269	371	372	374
205	8	259	260	264	265	271	373	375	376	
206	9	259	260	264	265	271	280	373	375	376
207	1	271
208	5	259	260	271	375	376
209	5	259	260	271	375	376
210	1	271
211	4	259	260	375	376	
212	4	259	260	375	376	
213	1	274
214	1	274
215	5	259	260	261	375	376
216	1	375
217	5	107	108	155	166	217
218	1	1
219	1	1
220	1	1
221	1	1
222	1	1
223	1	1
224	1	1
225	1	1
226	7	4	37	38	142	143	149	161
227	1	1
228	1	1
229	2	1	138	
230	1	20
231	1	20
232	1	20
233	2	23	24	
234	3	29	30	31
235	2	29	31	
236	2	23	24	
237	1	24
238	1	24
239	1	29
240	1	32
241	1	32
242	3	32	153	168
243	1	33
244	3	36	150	151
245	2	37	38	
246	2	45	177	
247	1	45
248	3	45	175	187
249	1	47
250	1	47
251	1	48
252	1	48
253	1	48
254	1	48
255	1	48
256	1	48
257	4	49	50	202	204	
258	1	53
259	15	53	80	81	82	172	180	181	203	205	206	208	209	211	212	215
260	14	53	80	81	82	172	180	181	205	206	208	209	211	212	215	
261	4	53	172	180	215	
262	1	48
263	1	48
264	6	53	172	181	203	205	206	
265	6	53	172	180	181	205	206	
266	3	54	180	204
267	3	53	180	204
268	3	55	202	204
269	3	55	202	204
270	1	48
271	15	53	54	56	57	58	172	180	181	203	205	206	207	208	209	210
272	1	48
273	1	48
274	10	50	51	53	54	58	59	172	181	213	214	
275	4	48	101	102	162	
276	1	48
277	1	48
278	1	48
279	1	48
280	4	62	172	180	206	
281	1	65
282	1	67
283	1	68
284	1	69
285	2	89	91	
286	3	92	195	196
287	2	95	96	
288	1	97
289	1	97
290	1	97
291	1	95
292	2	95	182	
293	2	95	96	
294	1	96
295	3	99	105	190
296	3	99	105	190
297	3	99	105	190
298	3	99	105	190
299	2	99	105	
300	3	99	105	190
301	3	99	105	190
302	3	99	105	190
303	3	99	105	190
304	2	99	105	
305	3	101	102	150
306	2	109	155	
307	1	120
308	2	121	128	
309	2	121	128	
310	2	121	128	
311	4	122	123	129	130	
312	2	121	128	
313	2	121	128	
314	4	122	123	129	130	
315	1	121
316	1	121
317	1	121
318	1	121
319	1	121
320	1	121
321	1	121
322	1	121
323	1	121
324	1	121
325	1	121
326	3	121	128	197
327	3	121	128	197
328	3	121	128	197
329	3	121	128	197
330	1	121
331	1	121
332	4	121	125	128	131	
333	8	122	123	126	127	129	130	132	133	
334	1	121
335	1	124
336	1	121
337	1	121
338	2	128	197	
339	2	134	135	
340	3	134	135	136
341	1	138
342	4	139	140	141	191	
343	4	139	140	141	191	
344	3	139	140	191
345	1	144
346	1	148
347	1	150
348	1	151
349	1	151
350	1	152
351	3	157	158	159
352	1	162
353	1	162
354	1	162
355	1	167
356	1	169
357	2	172	180	
358	1	173
359	2	32	153	
360	2	32	153	
361	2	32	153	
362	2	95	96	
363	1	138
364	4	192	193	194	196	
365	2	195	196	
366	2	195	196	
367	2	195	196	
368	2	195	196	
369	1	152
370	1	201
371	2	180	204	
372	2	180	204	
373	2	205	206	
374	1	204
375	11	180	181	203	205	206	208	209	211	212	215	216
376	10	172	180	203	205	206	208	209	211	212	215
