ABI1	0	2	0	182	
AKT1	1	6	1	2	3	4	5	6	
APPL1	2	1	7
ARAF	3	2	8	9	
BCAR1	4	10	10	11	12	13	14	15	16	17	18	19	
CAMK2A	5	1	20
CAV1	6	1	21
CAV2	7	1	22
CBL	8	7	23	24	25	26	27	28	29
CBLB	9	2	30	31	
CDC42	10	1	32
CREB1	11	1	33
CRK	12	2	34	35	
CSK	13	1	36
DNM1	14	4	37	38	39	40	
DUSP1	15	6	41	42	43	44	45	46	
EGF	16	1	47
EGFR	17	18	48	49	50	51	52	53	54	55	56	57	58	59	60	61	62	233	249	250	
ELK1	18	2	63	64	
EPN1	19	1	65
EPS15	20	3	66	251	281
EPS8	21	2	67	68	
FOS	22	9	69	70	71	72	73	74	75	76	77
GAB1	23	12	78	79	80	81	82	83	84	253	254	255	256	257	
GAB2	24	5	85	86	87	88	223
GJA1	25	6	89	90	91	92	93	94	
GRB2	26	4	95	96	97	98	
HRAS	27	1	99
JAK2	28	4	100	101	102	287	
JUN	29	3	103	104	284
KRAS	30	1	105
KRT8	31	1	106
MAP2K1	32	7	107	108	109	110	111	112	113
MAP2K2	33	4	114	115	116	117	
MAP2K3	34	4	118	119	183	184	
MAP2K5	35	1	120
MAPK1	36	4	121	122	123	124	
MAPK14	37	4	125	126	127	246	
MAPK3	38	4	128	129	130	247	
MAPK8	39	4	131	132	133	248	
NCK1	40	4	134	135	136	258	
PAK1	41	4	137	138	240	362	
PIK3CA	42	1	139
PIK3CB	43	1	140
PIK3CD	44	1	141
PIK3R1	45	5	142	143	259	260	342
PLCG1	46	6	144	145	262	263	264	265	
PRKCZ	47	2	146	367	
PTK2B	48	4	147	148	149	288	
PTPN11	49	4	150	267	289	371	
PTPN6	50	3	151	268	269
RAB5A	51	1	152
RAC1	52	2	153	225	
RAF1	53	9	154	155	298	315	316	317	318	319	341
RALB	54	1	156
RALBP1	55	1	157
RALGDS	56	3	158	159	299
SHC1	57	4	160	274	290	373	
SOS1	58	14	161	282	291	292	301	302	325	326	327	328	329	338	345	359	
SRC	59	7	162	226	238	244	346	348	349
VAV1	60	2	163	294	
VAV2	61	2	164	280	
VAV3	62	1	165
YWHAB	63	1	166
PDPK1	64	3	167	353	354
RHOA	65	1	168
MAP2K4	66	3	169	174	175
MAP2K6	67	4	170	176	177	370	
P53	68	2	171	179	
ERBB2	69	6	172	173	180	181	202	203	
LIMK1	70	1	178
MAP2K7	71	3	185	186	187
MAP3K1	72	1	188
MAP3K4	73	1	189
NRAS	74	1	190
PIK3CG	75	4	191	295	296	297	
PLD1	76	4	192	193	194	195	
PLD2	77	1	196
RPS6KA3	78	5	197	198	199	200	243
MAP3K11	79	2	201	360	
ERBB3	80	10	204	205	206	207	208	209	210	211	212	216	
ERBB4	81	4	213	214	215	358	
BRAF	82	2	217	304	
CASP9	83	2	218	219	
FOXO1A	84	3	220	221	222
GRB10	85	1	224
BAD	86	4	227	228	229	363	
SMAD2	87	3	230	231	232
SH3KBP1	88	2	234	235	
SPRY2	89	2	236	237	
ARHGEF7	90	2	239	242	
TNK2	91	1	241
SH3GL2	92	1	245
ERRFI1	93	1	252
PIK3R2	94	3	261	343	374
PLCG2	95	2	266	372	
RASA1	96	4	270	271	300	339	
RGS16	97	2	272	273	
STAT1	98	1	275
STAT5B	99	4	276	277	278	279	
USP6NL	100	2	283	350	
MAPK7	101	1	285
PRKCG	102	1	286
SOS2	103	1	293
RIN1	104	2	303	369	
STAT5A	105	1	305
KSR1	106	1	306
MAP3K2	107	2	307	356	
MYC	108	2	308	309	
PTPN5	109	2	310	311	
PTPRR	110	3	312	313	314
RPS6KA1	111	1	320
SMAD3	112	4	321	322	323	324	
SP1	113	2	330	331	
DUSP4	114	2	332	333	
DUSP6	115	4	334	335	336	337	
WASL	116	1	340
PIK3R3	117	3	344	375	376
PXN	118	1	347
RALA	119	1	351
STAT3	120	1	352
PRKCE	121	2	355	368	
GRB7	122	1	357
ARHGAP3	123	1	361
PRKCA	124	1	364
PRKCB1	125	1	365
PRKCI	126	1	366
