0	2	0	182	
1	6	1	2	3	4	5	6	
2	1	7
3	2	8	9	
4	10	10	11	12	13	14	15	16	17	18	19	
5	1	20
6	1	21
7	1	22
8	7	23	24	25	26	27	28	29
9	2	30	31	
10	1	32
11	1	33
12	2	34	35	
13	1	36
14	4	37	38	39	40	
15	6	41	42	43	44	45	46	
16	1	47
17	18	48	49	50	51	52	53	54	55	56	57	58	59	60	61	62	233	249	250	
18	2	63	64	
19	1	65
20	3	66	251	281
21	2	67	68	
22	9	69	70	71	72	73	74	75	76	77
23	12	78	79	80	81	82	83	84	253	254	255	256	257	
24	5	85	86	87	88	223
25	6	89	90	91	92	93	94	
26	4	95	96	97	98	
27	1	99
28	4	100	101	102	287	
29	3	103	104	284
30	1	105
31	1	106
32	7	107	108	109	110	111	112	113
33	4	114	115	116	117	
34	4	118	119	183	184	
35	1	120
36	4	121	122	123	124	
37	4	125	126	127	246	
38	4	128	129	130	247	
39	4	131	132	133	248	
40	4	134	135	136	258	
41	4	137	138	240	362	
42	1	139
43	1	140
44	1	141
45	5	142	143	259	260	342
46	6	144	145	262	263	264	265	
47	2	146	367	
48	4	147	148	149	288	
49	4	150	267	289	371	
50	3	151	268	269
51	1	152
52	2	153	225	
53	9	154	155	298	315	316	317	318	319	341
54	1	156
55	1	157
56	3	158	159	299
57	4	160	274	290	373	
58	14	161	282	291	292	301	302	325	326	327	328	329	338	345	359	
59	7	162	226	238	244	346	348	349
60	2	163	294	
61	2	164	280	
62	1	165
63	1	166
64	3	167	353	354
65	1	168
66	3	169	174	175
67	4	170	176	177	370	
68	2	171	179	
69	6	172	173	180	181	202	203	
70	1	178
71	3	185	186	187
72	1	188
73	1	189
74	1	190
75	4	191	295	296	297	
76	4	192	193	194	195	
77	1	196
78	5	197	198	199	200	243
79	2	201	360	
80	10	204	205	206	207	208	209	210	211	212	216	
81	4	213	214	215	358	
82	2	217	304	
83	2	218	219	
84	3	220	221	222
85	1	224
86	4	227	228	229	363	
87	3	230	231	232
88	2	234	235	
89	2	236	237	
90	2	239	242	
91	1	241
92	1	245
93	1	252
94	3	261	343	374
95	2	266	372	
96	4	270	271	300	339	
97	2	272	273	
98	1	275
99	4	276	277	278	279	
100	2	283	350	
101	1	285
102	1	286
103	1	293
104	2	303	369	
105	1	305
106	1	306
107	2	307	356	
108	2	308	309	
109	2	310	311	
110	3	312	313	314
111	1	320
112	4	321	322	323	324	
113	2	330	331	
114	2	332	333	
115	4	334	335	336	337	
116	1	340
117	3	344	375	376
118	1	347
119	1	351
120	1	352
121	2	355	368	
122	1	357
123	1	361
124	1	364
125	1	365
126	1	366
